Insert -2.24107, 2.96691
Mesh0
Pile0 -2.24107, 2.96691
Pile1 -5, -5
Pile2 5, -5
Pile3 5, 5
16, Edge0 -2.24107, 2.96691, -5, -5
Edge1 -5, -5, 5, -5
Edge2 5, -5, 5, 5
Edge3 5, 5, -2.24107, 2.96691
Mesh1
Pile0 -2.24107, 2.96691
Pile1 5, 5
Pile2 -5, 5
12, Edge0 -2.24107, 2.96691, 5, 5
Edge1 5, 5, -5, 5
Edge2 -5, 5, -2.24107, 2.96691
Mesh2
Pile0 -2.24107, 2.96691
Pile1 -5, 5
Pile2 -5, -5
12, Edge0 -2.24107, 2.96691, -5, 5
Edge1 -5, 5, -5, -5
Edge2 -5, -5, -2.24107, 2.96691


Insert -2.676893, -1.422442
Mesh0
Pile0 -2.24107, 2.96691
Pile1 5, 5
Pile2 -5, 5
12, Edge0 -2.24107, 2.96691, 5, 5
Edge1 5, 5, -5, 5
Edge2 -5, 5, -2.24107, 2.96691
Mesh1
Pile0 -2.24107, 2.96691
Pile1 -5, 5
Pile2 -5, -5
12, Edge0 -2.24107, 2.96691, -5, 5
Edge1 -5, 5, -5, -5
Edge2 -5, -5, -2.24107, 2.96691
Mesh2
Pile0 -2.676893, -1.422442
Pile1 -2.24107, 2.96691
Pile2 -5, -5
12, Edge0 -2.676893, -1.422442, -2.24107, 2.96691
Edge1 -2.24107, 2.96691, -5, -5
Edge2 -5, -5, -2.676893, -1.422442
Mesh3
Pile0 -2.676893, -1.422442
Pile1 -5, -5
Pile2 5, -5
Pile3 5, 5
16, Edge0 -2.676893, -1.422442, -5, -5
Edge1 -5, -5, 5, -5
Edge2 5, -5, 5, 5
Edge3 5, 5, -2.676893, -1.422442
Mesh4
Pile0 -2.676893, -1.422442
Pile1 5, 5
Pile2 -2.24107, 2.96691
12, Edge0 -2.676893, -1.422442, 5, 5
Edge1 5, 5, -2.24107, 2.96691
Edge2 -2.24107, 2.96691, -2.676893, -1.422442


Insert 2.14828, -2.449736
Mesh0
Pile0 -2.24107, 2.96691
Pile1 5, 5
Pile2 -5, 5
12, Edge0 -2.24107, 2.96691, 5, 5
Edge1 5, 5, -5, 5
Edge2 -5, 5, -2.24107, 2.96691
Mesh1
Pile0 -2.24107, 2.96691
Pile1 -5, 5
Pile2 -5, -5
12, Edge0 -2.24107, 2.96691, -5, 5
Edge1 -5, 5, -5, -5
Edge2 -5, -5, -2.24107, 2.96691
Mesh2
Pile0 -2.676893, -1.422442
Pile1 -2.24107, 2.96691
Pile2 -5, -5
12, Edge0 -2.676893, -1.422442, -2.24107, 2.96691
Edge1 -2.24107, 2.96691, -5, -5
Edge2 -5, -5, -2.676893, -1.422442
Mesh3
Pile0 -2.676893, -1.422442
Pile1 5, 5
Pile2 -2.24107, 2.96691
12, Edge0 -2.676893, -1.422442, 5, 5
Edge1 5, 5, -2.24107, 2.96691
Edge2 -2.24107, 2.96691, -2.676893, -1.422442
Mesh4
Pile0 2.14828, -2.449736
Pile1 -2.676893, -1.422442
Pile2 -5, -5
Pile3 5, -5
16, Edge0 2.14828, -2.449736, -2.676893, -1.422442
Edge1 -2.676893, -1.422442, -5, -5
Edge2 -5, -5, 5, -5
Edge3 5, -5, 2.14828, -2.449736
Mesh5
Pile0 2.14828, -2.449736
Pile1 5, -5
Pile2 5, 5
12, Edge0 2.14828, -2.449736, 5, -5
Edge1 5, -5, 5, 5
Edge2 5, 5, 2.14828, -2.449736
Mesh6
Pile0 2.14828, -2.449736
Pile1 5, 5
Pile2 -2.676893, -1.422442
12, Edge0 2.14828, -2.449736, 5, 5
Edge1 5, 5, -2.676893, -1.422442
Edge2 -2.676893, -1.422442, 2.14828, -2.449736


Insert 3.518006, 1.348142
Mesh0
Pile0 -2.24107, 2.96691
Pile1 5, 5
Pile2 -5, 5
12, Edge0 -2.24107, 2.96691, 5, 5
Edge1 5, 5, -5, 5
Edge2 -5, 5, -2.24107, 2.96691
Mesh1
Pile0 -2.24107, 2.96691
Pile1 -5, 5
Pile2 -5, -5
12, Edge0 -2.24107, 2.96691, -5, 5
Edge1 -5, 5, -5, -5
Edge2 -5, -5, -2.24107, 2.96691
Mesh2
Pile0 -2.676893, -1.422442
Pile1 -2.24107, 2.96691
Pile2 -5, -5
12, Edge0 -2.676893, -1.422442, -2.24107, 2.96691
Edge1 -2.24107, 2.96691, -5, -5
Edge2 -5, -5, -2.676893, -1.422442
Mesh3
Pile0 -2.676893, -1.422442
Pile1 5, 5
Pile2 -2.24107, 2.96691
12, Edge0 -2.676893, -1.422442, 5, 5
Edge1 5, 5, -2.24107, 2.96691
Edge2 -2.24107, 2.96691, -2.676893, -1.422442
Mesh4
Pile0 2.14828, -2.449736
Pile1 -2.676893, -1.422442
Pile2 -5, -5
Pile3 5, -5
16, Edge0 2.14828, -2.449736, -2.676893, -1.422442
Edge1 -2.676893, -1.422442, -5, -5
Edge2 -5, -5, 5, -5
Edge3 5, -5, 2.14828, -2.449736
Mesh5
Pile0 2.14828, -2.449736
Pile1 5, -5
Pile2 5, 5
12, Edge0 2.14828, -2.449736, 5, -5
Edge1 5, -5, 5, 5
Edge2 5, 5, 2.14828, -2.449736
Mesh6
Pile0 3.518006, 1.348142
Pile1 2.14828, -2.449736
Pile2 5, 5
12, Edge0 3.518006, 1.348142, 2.14828, -2.449736
Edge1 2.14828, -2.449736, 5, 5
Edge2 5, 5, 3.518006, 1.348142
Mesh7
Pile0 3.518006, 1.348142
Pile1 5, 5
Pile2 -2.676893, -1.422442
12, Edge0 3.518006, 1.348142, 5, 5
Edge1 5, 5, -2.676893, -1.422442
Edge2 -2.676893, -1.422442, 3.518006, 1.348142
Mesh8
Pile0 3.518006, 1.348142
Pile1 -2.676893, -1.422442
Pile2 2.14828, -2.449736
12, Edge0 3.518006, 1.348142, -2.676893, -1.422442
Edge1 -2.676893, -1.422442, 2.14828, -2.449736
Edge2 2.14828, -2.449736, 3.518006, 1.348142


Insert 1.899239, 2.157526
Mesh0
Pile0 -2.24107, 2.96691
Pile1 5, 5
Pile2 -5, 5
12, Edge0 -2.24107, 2.96691, 5, 5
Edge1 5, 5, -5, 5
Edge2 -5, 5, -2.24107, 2.96691
Mesh1
Pile0 -2.24107, 2.96691
Pile1 -5, 5
Pile2 -5, -5
12, Edge0 -2.24107, 2.96691, -5, 5
Edge1 -5, 5, -5, -5
Edge2 -5, -5, -2.24107, 2.96691
Mesh2
Pile0 -2.676893, -1.422442
Pile1 -2.24107, 2.96691
Pile2 -5, -5
12, Edge0 -2.676893, -1.422442, -2.24107, 2.96691
Edge1 -2.24107, 2.96691, -5, -5
Edge2 -5, -5, -2.676893, -1.422442
Mesh3
Pile0 -2.676893, -1.422442
Pile1 5, 5
Pile2 -2.24107, 2.96691
12, Edge0 -2.676893, -1.422442, 5, 5
Edge1 5, 5, -2.24107, 2.96691
Edge2 -2.24107, 2.96691, -2.676893, -1.422442
Mesh4
Pile0 2.14828, -2.449736
Pile1 -2.676893, -1.422442
Pile2 -5, -5
Pile3 5, -5
16, Edge0 2.14828, -2.449736, -2.676893, -1.422442
Edge1 -2.676893, -1.422442, -5, -5
Edge2 -5, -5, 5, -5
Edge3 5, -5, 2.14828, -2.449736
Mesh5
Pile0 2.14828, -2.449736
Pile1 5, -5
Pile2 5, 5
12, Edge0 2.14828, -2.449736, 5, -5
Edge1 5, -5, 5, 5
Edge2 5, 5, 2.14828, -2.449736
Mesh6
Pile0 3.518006, 1.348142
Pile1 2.14828, -2.449736
Pile2 5, 5
12, Edge0 3.518006, 1.348142, 2.14828, -2.449736
Edge1 2.14828, -2.449736, 5, 5
Edge2 5, 5, 3.518006, 1.348142
Mesh7
Pile0 3.518006, 1.348142
Pile1 -2.676893, -1.422442
Pile2 2.14828, -2.449736
12, Edge0 3.518006, 1.348142, -2.676893, -1.422442
Edge1 -2.676893, -1.422442, 2.14828, -2.449736
Edge2 2.14828, -2.449736, 3.518006, 1.348142
Mesh8
Pile0 1.899239, 2.157526
Pile1 3.518006, 1.348142
Pile2 5, 5
12, Edge0 1.899239, 2.157526, 3.518006, 1.348142
Edge1 3.518006, 1.348142, 5, 5
Edge2 5, 5, 1.899239, 2.157526
Mesh9
Pile0 1.899239, 2.157526
Pile1 5, 5
Pile2 -2.676893, -1.422442
12, Edge0 1.899239, 2.157526, 5, 5
Edge1 5, 5, -2.676893, -1.422442
Edge2 -2.676893, -1.422442, 1.899239, 2.157526
Mesh10
Pile0 1.899239, 2.157526
Pile1 -2.676893, -1.422442
Pile2 3.518006, 1.348142
12, Edge0 1.899239, 2.157526, -2.676893, -1.422442
Edge1 -2.676893, -1.422442, 3.518006, 1.348142
Edge2 3.518006, 1.348142, 1.899239, 2.157526


Insert -0.7468241, -2.449736
Mesh0
Pile0 -2.24107, 2.96691
Pile1 5, 5
Pile2 -5, 5
12, Edge0 -2.24107, 2.96691, 5, 5
Edge1 5, 5, -5, 5
Edge2 -5, 5, -2.24107, 2.96691
Mesh1
Pile0 -2.24107, 2.96691
Pile1 -5, 5
Pile2 -5, -5
12, Edge0 -2.24107, 2.96691, -5, 5
Edge1 -5, 5, -5, -5
Edge2 -5, -5, -2.24107, 2.96691
Mesh2
Pile0 -2.676893, -1.422442
Pile1 -2.24107, 2.96691
Pile2 -5, -5
12, Edge0 -2.676893, -1.422442, -2.24107, 2.96691
Edge1 -2.24107, 2.96691, -5, -5
Edge2 -5, -5, -2.676893, -1.422442
Mesh3
Pile0 -2.676893, -1.422442
Pile1 5, 5
Pile2 -2.24107, 2.96691
12, Edge0 -2.676893, -1.422442, 5, 5
Edge1 5, 5, -2.24107, 2.96691
Edge2 -2.24107, 2.96691, -2.676893, -1.422442
Mesh4
Pile0 2.14828, -2.449736
Pile1 5, -5
Pile2 5, 5
12, Edge0 2.14828, -2.449736, 5, -5
Edge1 5, -5, 5, 5
Edge2 5, 5, 2.14828, -2.449736
Mesh5
Pile0 3.518006, 1.348142
Pile1 2.14828, -2.449736
Pile2 5, 5
12, Edge0 3.518006, 1.348142, 2.14828, -2.449736
Edge1 2.14828, -2.449736, 5, 5
Edge2 5, 5, 3.518006, 1.348142
Mesh6
Pile0 3.518006, 1.348142
Pile1 -2.676893, -1.422442
Pile2 2.14828, -2.449736
12, Edge0 3.518006, 1.348142, -2.676893, -1.422442
Edge1 -2.676893, -1.422442, 2.14828, -2.449736
Edge2 2.14828, -2.449736, 3.518006, 1.348142
Mesh7
Pile0 1.899239, 2.157526
Pile1 3.518006, 1.348142
Pile2 5, 5
12, Edge0 1.899239, 2.157526, 3.518006, 1.348142
Edge1 3.518006, 1.348142, 5, 5
Edge2 5, 5, 1.899239, 2.157526
Mesh8
Pile0 1.899239, 2.157526
Pile1 5, 5
Pile2 -2.676893, -1.422442
12, Edge0 1.899239, 2.157526, 5, 5
Edge1 5, 5, -2.676893, -1.422442
Edge2 -2.676893, -1.422442, 1.899239, 2.157526
Mesh9
Pile0 1.899239, 2.157526
Pile1 -2.676893, -1.422442
Pile2 3.518006, 1.348142
12, Edge0 1.899239, 2.157526, -2.676893, -1.422442
Edge1 -2.676893, -1.422442, 3.518006, 1.348142
Edge2 3.518006, 1.348142, 1.899239, 2.157526
Mesh10
Pile0 -0.7468241, -2.449736
Pile1 2.14828, -2.449736
Pile2 -2.676893, -1.422442
12, Edge0 -0.7468241, -2.449736, 2.14828, -2.449736
Edge1 2.14828, -2.449736, -2.676893, -1.422442
Edge2 -2.676893, -1.422442, -0.7468241, -2.449736
Mesh11
Pile0 -0.7468241, -2.449736
Pile1 -2.676893, -1.422442
Pile2 -5, -5
12, Edge0 -0.7468241, -2.449736, -2.676893, -1.422442
Edge1 -2.676893, -1.422442, -5, -5
Edge2 -5, -5, -0.7468241, -2.449736
Mesh12
Pile0 -0.7468241, -2.449736
Pile1 -5, -5
Pile2 5, -5
Pile3 2.14828, -2.449736
16, Edge0 -0.7468241, -2.449736, -5, -5
Edge1 -5, -5, 5, -5
Edge2 5, -5, 2.14828, -2.449736
Edge3 2.14828, -2.449736, -0.7468241, -2.449736


Insert -1.898639, -1.360181
Mesh0
Pile0 -2.24107, 2.96691
Pile1 5, 5
Pile2 -5, 5
12, Edge0 -2.24107, 2.96691, 5, 5
Edge1 5, 5, -5, 5
Edge2 -5, 5, -2.24107, 2.96691
Mesh1
Pile0 -2.24107, 2.96691
Pile1 -5, 5
Pile2 -5, -5
12, Edge0 -2.24107, 2.96691, -5, 5
Edge1 -5, 5, -5, -5
Edge2 -5, -5, -2.24107, 2.96691
Mesh2
Pile0 2.14828, -2.449736
Pile1 5, -5
Pile2 5, 5
12, Edge0 2.14828, -2.449736, 5, -5
Edge1 5, -5, 5, 5
Edge2 5, 5, 2.14828, -2.449736
Mesh3
Pile0 3.518006, 1.348142
Pile1 2.14828, -2.449736
Pile2 5, 5
12, Edge0 3.518006, 1.348142, 2.14828, -2.449736
Edge1 2.14828, -2.449736, 5, 5
Edge2 5, 5, 3.518006, 1.348142
Mesh4
Pile0 1.899239, 2.157526
Pile1 3.518006, 1.348142
Pile2 5, 5
12, Edge0 1.899239, 2.157526, 3.518006, 1.348142
Edge1 3.518006, 1.348142, 5, 5
Edge2 5, 5, 1.899239, 2.157526
Mesh5
Pile0 -0.7468241, -2.449736
Pile1 -5, -5
Pile2 5, -5
Pile3 2.14828, -2.449736
16, Edge0 -0.7468241, -2.449736, -5, -5
Edge1 -5, -5, 5, -5
Edge2 5, -5, 2.14828, -2.449736
Edge3 2.14828, -2.449736, -0.7468241, -2.449736
Mesh6
Pile0 2.14828, -2.449736
Pile1 3.518006, 1.348142
Pile2 1.899239, 2.157526
12, Edge0 2.14828, -2.449736, 3.518006, 1.348142
Edge1 3.518006, 1.348142, 1.899239, 2.157526
Edge2 1.899239, 2.157526, 2.14828, -2.449736
Mesh7
Pile0 -0.7468241, -2.449736
Pile1 2.14828, -2.449736
Pile2 1.899239, 2.157526
12, Edge0 -0.7468241, -2.449736, 2.14828, -2.449736
Edge1 2.14828, -2.449736, 1.899239, 2.157526
Edge2 1.899239, 2.157526, -0.7468241, -2.449736
Mesh8
Pile0 -2.24107, 2.96691
Pile1 -0.7468241, -2.449736
Pile2 1.899239, 2.157526
12, Edge0 -2.24107, 2.96691, -0.7468241, -2.449736
Edge1 -0.7468241, -2.449736, 1.899239, 2.157526
Edge2 1.899239, 2.157526, -2.24107, 2.96691
Mesh9
Pile0 -2.24107, 2.96691
Pile1 1.899239, 2.157526
Pile2 5, 5
12, Edge0 -2.24107, 2.96691, 1.899239, 2.157526
Edge1 1.899239, 2.157526, 5, 5
Edge2 5, 5, -2.24107, 2.96691
Mesh10
Pile0 -1.898639, -1.360181
Pile1 -2.24107, 2.96691
Pile2 -5, -5
12, Edge0 -1.898639, -1.360181, -2.24107, 2.96691
Edge1 -2.24107, 2.96691, -5, -5
Edge2 -5, -5, -1.898639, -1.360181
Mesh11
Pile0 -1.898639, -1.360181
Pile1 -5, -5
Pile2 -0.7468241, -2.449736
12, Edge0 -1.898639, -1.360181, -5, -5
Edge1 -5, -5, -0.7468241, -2.449736
Edge2 -0.7468241, -2.449736, -1.898639, -1.360181
Mesh12
Pile0 -1.898639, -1.360181
Pile1 -0.7468241, -2.449736
Pile2 -2.24107, 2.96691
12, Edge0 -1.898639, -1.360181, -0.7468241, -2.449736
Edge1 -0.7468241, -2.449736, -2.24107, 2.96691
Edge2 -2.24107, 2.96691, -1.898639, -1.360181


Insert -0.7156937, -1.453571
Mesh0
Pile0 -2.24107, 2.96691
Pile1 5, 5
Pile2 -5, 5
12, Edge0 -2.24107, 2.96691, 5, 5
Edge1 5, 5, -5, 5
Edge2 -5, 5, -2.24107, 2.96691
Mesh1
Pile0 -2.24107, 2.96691
Pile1 -5, 5
Pile2 -5, -5
12, Edge0 -2.24107, 2.96691, -5, 5
Edge1 -5, 5, -5, -5
Edge2 -5, -5, -2.24107, 2.96691
Mesh2
Pile0 2.14828, -2.449736
Pile1 5, -5
Pile2 5, 5
12, Edge0 2.14828, -2.449736, 5, -5
Edge1 5, -5, 5, 5
Edge2 5, 5, 2.14828, -2.449736
Mesh3
Pile0 3.518006, 1.348142
Pile1 2.14828, -2.449736
Pile2 5, 5
12, Edge0 3.518006, 1.348142, 2.14828, -2.449736
Edge1 2.14828, -2.449736, 5, 5
Edge2 5, 5, 3.518006, 1.348142
Mesh4
Pile0 1.899239, 2.157526
Pile1 3.518006, 1.348142
Pile2 5, 5
12, Edge0 1.899239, 2.157526, 3.518006, 1.348142
Edge1 3.518006, 1.348142, 5, 5
Edge2 5, 5, 1.899239, 2.157526
Mesh5
Pile0 -0.7468241, -2.449736
Pile1 -5, -5
Pile2 5, -5
Pile3 2.14828, -2.449736
16, Edge0 -0.7468241, -2.449736, -5, -5
Edge1 -5, -5, 5, -5
Edge2 5, -5, 2.14828, -2.449736
Edge3 2.14828, -2.449736, -0.7468241, -2.449736
Mesh6
Pile0 2.14828, -2.449736
Pile1 3.518006, 1.348142
Pile2 1.899239, 2.157526
12, Edge0 2.14828, -2.449736, 3.518006, 1.348142
Edge1 3.518006, 1.348142, 1.899239, 2.157526
Edge2 1.899239, 2.157526, 2.14828, -2.449736
Mesh7
Pile0 -0.7468241, -2.449736
Pile1 2.14828, -2.449736
Pile2 1.899239, 2.157526
12, Edge0 -0.7468241, -2.449736, 2.14828, -2.449736
Edge1 2.14828, -2.449736, 1.899239, 2.157526
Edge2 1.899239, 2.157526, -0.7468241, -2.449736
Mesh8
Pile0 -2.24107, 2.96691
Pile1 1.899239, 2.157526
Pile2 5, 5
12, Edge0 -2.24107, 2.96691, 1.899239, 2.157526
Edge1 1.899239, 2.157526, 5, 5
Edge2 5, 5, -2.24107, 2.96691
Mesh9
Pile0 -2.24107, 2.96691
Pile1 -5, -5
Pile2 -0.7468241, -2.449736
12, Edge0 -2.24107, 2.96691, -5, -5
Edge1 -5, -5, -0.7468241, -2.449736
Edge2 -0.7468241, -2.449736, -2.24107, 2.96691
Mesh10
Pile0 -0.7156937, -1.453571
Pile1 -2.24107, 2.96691
Pile2 -0.7468241, -2.449736
12, Edge0 -0.7156937, -1.453571, -2.24107, 2.96691
Edge1 -2.24107, 2.96691, -0.7468241, -2.449736
Edge2 -0.7468241, -2.449736, -0.7156937, -1.453571
Mesh11
Pile0 -0.7156937, -1.453571
Pile1 -0.7468241, -2.449736
Pile2 1.899239, 2.157526
12, Edge0 -0.7156937, -1.453571, -0.7468241, -2.449736
Edge1 -0.7468241, -2.449736, 1.899239, 2.157526
Edge2 1.899239, 2.157526, -0.7156937, -1.453571
Mesh12
Pile0 -0.7156937, -1.453571
Pile1 1.899239, 2.157526
Pile2 -2.24107, 2.96691
12, Edge0 -0.7156937, -1.453571, 1.899239, 2.157526
Edge1 1.899239, 2.157526, -2.24107, 2.96691
Edge2 -2.24107, 2.96691, -0.7156937, -1.453571


Insert 0.7162942, -1.360181
Mesh0
Pile0 -2.24107, 2.96691
Pile1 5, 5
Pile2 -5, 5
12, Edge0 -2.24107, 2.96691, 5, 5
Edge1 5, 5, -5, 5
Edge2 -5, 5, -2.24107, 2.96691
Mesh1
Pile0 -2.24107, 2.96691
Pile1 -5, 5
Pile2 -5, -5
12, Edge0 -2.24107, 2.96691, -5, 5
Edge1 -5, 5, -5, -5
Edge2 -5, -5, -2.24107, 2.96691
Mesh2
Pile0 2.14828, -2.449736
Pile1 5, -5
Pile2 5, 5
12, Edge0 2.14828, -2.449736, 5, -5
Edge1 5, -5, 5, 5
Edge2 5, 5, 2.14828, -2.449736
Mesh3
Pile0 3.518006, 1.348142
Pile1 2.14828, -2.449736
Pile2 5, 5
12, Edge0 3.518006, 1.348142, 2.14828, -2.449736
Edge1 2.14828, -2.449736, 5, 5
Edge2 5, 5, 3.518006, 1.348142
Mesh4
Pile0 1.899239, 2.157526
Pile1 3.518006, 1.348142
Pile2 5, 5
12, Edge0 1.899239, 2.157526, 3.518006, 1.348142
Edge1 3.518006, 1.348142, 5, 5
Edge2 5, 5, 1.899239, 2.157526
Mesh5
Pile0 -0.7468241, -2.449736
Pile1 -5, -5
Pile2 5, -5
Pile3 2.14828, -2.449736
16, Edge0 -0.7468241, -2.449736, -5, -5
Edge1 -5, -5, 5, -5
Edge2 5, -5, 2.14828, -2.449736
Edge3 2.14828, -2.449736, -0.7468241, -2.449736
Mesh6
Pile0 2.14828, -2.449736
Pile1 3.518006, 1.348142
Pile2 1.899239, 2.157526
12, Edge0 2.14828, -2.449736, 3.518006, 1.348142
Edge1 3.518006, 1.348142, 1.899239, 2.157526
Edge2 1.899239, 2.157526, 2.14828, -2.449736
Mesh7
Pile0 -2.24107, 2.96691
Pile1 1.899239, 2.157526
Pile2 5, 5
12, Edge0 -2.24107, 2.96691, 1.899239, 2.157526
Edge1 1.899239, 2.157526, 5, 5
Edge2 5, 5, -2.24107, 2.96691
Mesh8
Pile0 -2.24107, 2.96691
Pile1 -5, -5
Pile2 -0.7468241, -2.449736
12, Edge0 -2.24107, 2.96691, -5, -5
Edge1 -5, -5, -0.7468241, -2.449736
Edge2 -0.7468241, -2.449736, -2.24107, 2.96691
Mesh9
Pile0 -2.24107, 2.96691
Pile1 -0.7468241, -2.449736
Pile2 1.899239, 2.157526
12, Edge0 -2.24107, 2.96691, -0.7468241, -2.449736
Edge1 -0.7468241, -2.449736, 1.899239, 2.157526
Edge2 1.899239, 2.157526, -2.24107, 2.96691
Mesh10
Pile0 0.7162942, -1.360181
Pile1 -0.7468241, -2.449736
Pile2 2.14828, -2.449736
12, Edge0 0.7162942, -1.360181, -0.7468241, -2.449736
Edge1 -0.7468241, -2.449736, 2.14828, -2.449736
Edge2 2.14828, -2.449736, 0.7162942, -1.360181
Mesh11
Pile0 0.7162942, -1.360181
Pile1 2.14828, -2.449736
Pile2 1.899239, 2.157526
12, Edge0 0.7162942, -1.360181, 2.14828, -2.449736
Edge1 2.14828, -2.449736, 1.899239, 2.157526
Edge2 1.899239, 2.157526, 0.7162942, -1.360181
Mesh12
Pile0 0.7162942, -1.360181
Pile1 1.899239, 2.157526
Pile2 -0.7468241, -2.449736
12, Edge0 0.7162942, -1.360181, 1.899239, 2.157526
Edge1 1.899239, 2.157526, -0.7468241, -2.449736
Edge2 -0.7468241, -2.449736, 0.7162942, -1.360181


Insert 2.24167, -0.7064481
Mesh0
Pile0 -2.24107, 2.96691
Pile1 5, 5
Pile2 -5, 5
12, Edge0 -2.24107, 2.96691, 5, 5
Edge1 5, 5, -5, 5
Edge2 -5, 5, -2.24107, 2.96691
Mesh1
Pile0 -2.24107, 2.96691
Pile1 -5, 5
Pile2 -5, -5
12, Edge0 -2.24107, 2.96691, -5, 5
Edge1 -5, 5, -5, -5
Edge2 -5, -5, -2.24107, 2.96691
Mesh2
Pile0 2.14828, -2.449736
Pile1 5, -5
Pile2 5, 5
12, Edge0 2.14828, -2.449736, 5, -5
Edge1 5, -5, 5, 5
Edge2 5, 5, 2.14828, -2.449736
Mesh3
Pile0 3.518006, 1.348142
Pile1 2.14828, -2.449736
Pile2 5, 5
12, Edge0 3.518006, 1.348142, 2.14828, -2.449736
Edge1 2.14828, -2.449736, 5, 5
Edge2 5, 5, 3.518006, 1.348142
Mesh4
Pile0 1.899239, 2.157526
Pile1 3.518006, 1.348142
Pile2 5, 5
12, Edge0 1.899239, 2.157526, 3.518006, 1.348142
Edge1 3.518006, 1.348142, 5, 5
Edge2 5, 5, 1.899239, 2.157526
Mesh5
Pile0 -0.7468241, -2.449736
Pile1 -5, -5
Pile2 5, -5
Pile3 2.14828, -2.449736
16, Edge0 -0.7468241, -2.449736, -5, -5
Edge1 -5, -5, 5, -5
Edge2 5, -5, 2.14828, -2.449736
Edge3 2.14828, -2.449736, -0.7468241, -2.449736
Mesh6
Pile0 -2.24107, 2.96691
Pile1 1.899239, 2.157526
Pile2 5, 5
12, Edge0 -2.24107, 2.96691, 1.899239, 2.157526
Edge1 1.899239, 2.157526, 5, 5
Edge2 5, 5, -2.24107, 2.96691
Mesh7
Pile0 -2.24107, 2.96691
Pile1 -5, -5
Pile2 -0.7468241, -2.449736
12, Edge0 -2.24107, 2.96691, -5, -5
Edge1 -5, -5, -0.7468241, -2.449736
Edge2 -0.7468241, -2.449736, -2.24107, 2.96691
Mesh8
Pile0 -2.24107, 2.96691
Pile1 -0.7468241, -2.449736
Pile2 1.899239, 2.157526
12, Edge0 -2.24107, 2.96691, -0.7468241, -2.449736
Edge1 -0.7468241, -2.449736, 1.899239, 2.157526
Edge2 1.899239, 2.157526, -2.24107, 2.96691
Mesh9
Pile0 -0.7468241, -2.449736
Pile1 2.14828, -2.449736
Pile2 1.899239, 2.157526
12, Edge0 -0.7468241, -2.449736, 2.14828, -2.449736
Edge1 2.14828, -2.449736, 1.899239, 2.157526
Edge2 1.899239, 2.157526, -0.7468241, -2.449736
Mesh10
Pile0 2.24167, -0.7064481
Pile1 2.14828, -2.449736
Pile2 3.518006, 1.348142
12, Edge0 2.24167, -0.7064481, 2.14828, -2.449736
Edge1 2.14828, -2.449736, 3.518006, 1.348142
Edge2 3.518006, 1.348142, 2.24167, -0.7064481
Mesh11
Pile0 2.24167, -0.7064481
Pile1 3.518006, 1.348142
Pile2 1.899239, 2.157526
12, Edge0 2.24167, -0.7064481, 3.518006, 1.348142
Edge1 3.518006, 1.348142, 1.899239, 2.157526
Edge2 1.899239, 2.157526, 2.24167, -0.7064481
Mesh12
Pile0 2.24167, -0.7064481
Pile1 1.899239, 2.157526
Pile2 2.14828, -2.449736
12, Edge0 2.24167, -0.7064481, 1.899239, 2.157526
Edge1 1.899239, 2.157526, 2.14828, -2.449736
Edge2 2.14828, -2.449736, 2.24167, -0.7064481


Insert 3.735917, 0.3519769
Mesh0
Pile0 -2.24107, 2.96691
Pile1 5, 5
Pile2 -5, 5
12, Edge0 -2.24107, 2.96691, 5, 5
Edge1 5, 5, -5, 5
Edge2 -5, 5, -2.24107, 2.96691
Mesh1
Pile0 -2.24107, 2.96691
Pile1 -5, 5
Pile2 -5, -5
12, Edge0 -2.24107, 2.96691, -5, 5
Edge1 -5, 5, -5, -5
Edge2 -5, -5, -2.24107, 2.96691
Mesh2
Pile0 3.518006, 1.348142
Pile1 2.14828, -2.449736
Pile2 5, 5
12, Edge0 3.518006, 1.348142, 2.14828, -2.449736
Edge1 2.14828, -2.449736, 5, 5
Edge2 5, 5, 3.518006, 1.348142
Mesh3
Pile0 1.899239, 2.157526
Pile1 3.518006, 1.348142
Pile2 5, 5
12, Edge0 1.899239, 2.157526, 3.518006, 1.348142
Edge1 3.518006, 1.348142, 5, 5
Edge2 5, 5, 1.899239, 2.157526
Mesh4
Pile0 -0.7468241, -2.449736
Pile1 -5, -5
Pile2 5, -5
Pile3 2.14828, -2.449736
16, Edge0 -0.7468241, -2.449736, -5, -5
Edge1 -5, -5, 5, -5
Edge2 5, -5, 2.14828, -2.449736
Edge3 2.14828, -2.449736, -0.7468241, -2.449736
Mesh5
Pile0 -2.24107, 2.96691
Pile1 1.899239, 2.157526
Pile2 5, 5
12, Edge0 -2.24107, 2.96691, 1.899239, 2.157526
Edge1 1.899239, 2.157526, 5, 5
Edge2 5, 5, -2.24107, 2.96691
Mesh6
Pile0 -2.24107, 2.96691
Pile1 -5, -5
Pile2 -0.7468241, -2.449736
12, Edge0 -2.24107, 2.96691, -5, -5
Edge1 -5, -5, -0.7468241, -2.449736
Edge2 -0.7468241, -2.449736, -2.24107, 2.96691
Mesh7
Pile0 -2.24107, 2.96691
Pile1 -0.7468241, -2.449736
Pile2 1.899239, 2.157526
12, Edge0 -2.24107, 2.96691, -0.7468241, -2.449736
Edge1 -0.7468241, -2.449736, 1.899239, 2.157526
Edge2 1.899239, 2.157526, -2.24107, 2.96691
Mesh8
Pile0 -0.7468241, -2.449736
Pile1 2.14828, -2.449736
Pile2 1.899239, 2.157526
12, Edge0 -0.7468241, -2.449736, 2.14828, -2.449736
Edge1 2.14828, -2.449736, 1.899239, 2.157526
Edge2 1.899239, 2.157526, -0.7468241, -2.449736
Mesh9
Pile0 2.14828, -2.449736
Pile1 3.518006, 1.348142
Pile2 1.899239, 2.157526
12, Edge0 2.14828, -2.449736, 3.518006, 1.348142
Edge1 3.518006, 1.348142, 1.899239, 2.157526
Edge2 1.899239, 2.157526, 2.14828, -2.449736
Mesh10
Pile0 3.735917, 0.3519769
Pile1 2.14828, -2.449736
Pile2 5, -5
12, Edge0 3.735917, 0.3519769, 2.14828, -2.449736
Edge1 2.14828, -2.449736, 5, -5
Edge2 5, -5, 3.735917, 0.3519769
Mesh11
Pile0 3.735917, 0.3519769
Pile1 5, -5
Pile2 5, 5
12, Edge0 3.735917, 0.3519769, 5, -5
Edge1 5, -5, 5, 5
Edge2 5, 5, 3.735917, 0.3519769
Mesh12
Pile0 3.735917, 0.3519769
Pile1 5, 5
Pile2 2.14828, -2.449736
12, Edge0 3.735917, 0.3519769, 5, 5
Edge1 5, 5, 2.14828, -2.449736
Edge2 2.14828, -2.449736, 3.735917, 0.3519769


Insert 4.825474, 1.534923
Mesh0
Pile0 -2.24107, 2.96691
Pile1 5, 5
Pile2 -5, 5
12, Edge0 -2.24107, 2.96691, 5, 5
Edge1 5, 5, -5, 5
Edge2 -5, 5, -2.24107, 2.96691
Mesh1
Pile0 -2.24107, 2.96691
Pile1 -5, 5
Pile2 -5, -5
12, Edge0 -2.24107, 2.96691, -5, 5
Edge1 -5, 5, -5, -5
Edge2 -5, -5, -2.24107, 2.96691
Mesh2
Pile0 3.518006, 1.348142
Pile1 2.14828, -2.449736
Pile2 5, 5
12, Edge0 3.518006, 1.348142, 2.14828, -2.449736
Edge1 2.14828, -2.449736, 5, 5
Edge2 5, 5, 3.518006, 1.348142
Mesh3
Pile0 1.899239, 2.157526
Pile1 3.518006, 1.348142
Pile2 5, 5
12, Edge0 1.899239, 2.157526, 3.518006, 1.348142
Edge1 3.518006, 1.348142, 5, 5
Edge2 5, 5, 1.899239, 2.157526
Mesh4
Pile0 -0.7468241, -2.449736
Pile1 -5, -5
Pile2 5, -5
Pile3 2.14828, -2.449736
16, Edge0 -0.7468241, -2.449736, -5, -5
Edge1 -5, -5, 5, -5
Edge2 5, -5, 2.14828, -2.449736
Edge3 2.14828, -2.449736, -0.7468241, -2.449736
Mesh5
Pile0 -2.24107, 2.96691
Pile1 1.899239, 2.157526
Pile2 5, 5
12, Edge0 -2.24107, 2.96691, 1.899239, 2.157526
Edge1 1.899239, 2.157526, 5, 5
Edge2 5, 5, -2.24107, 2.96691
Mesh6
Pile0 -2.24107, 2.96691
Pile1 -5, -5
Pile2 -0.7468241, -2.449736
12, Edge0 -2.24107, 2.96691, -5, -5
Edge1 -5, -5, -0.7468241, -2.449736
Edge2 -0.7468241, -2.449736, -2.24107, 2.96691
Mesh7
Pile0 -2.24107, 2.96691
Pile1 -0.7468241, -2.449736
Pile2 1.899239, 2.157526
12, Edge0 -2.24107, 2.96691, -0.7468241, -2.449736
Edge1 -0.7468241, -2.449736, 1.899239, 2.157526
Edge2 1.899239, 2.157526, -2.24107, 2.96691
Mesh8
Pile0 -0.7468241, -2.449736
Pile1 2.14828, -2.449736
Pile2 1.899239, 2.157526
12, Edge0 -0.7468241, -2.449736, 2.14828, -2.449736
Edge1 2.14828, -2.449736, 1.899239, 2.157526
Edge2 1.899239, 2.157526, -0.7468241, -2.449736
Mesh9
Pile0 2.14828, -2.449736
Pile1 3.518006, 1.348142
Pile2 1.899239, 2.157526
12, Edge0 2.14828, -2.449736, 3.518006, 1.348142
Edge1 3.518006, 1.348142, 1.899239, 2.157526
Edge2 1.899239, 2.157526, 2.14828, -2.449736
Mesh10
Pile0 4.825474, 1.534923
Pile1 2.14828, -2.449736
Pile2 5, -5
12, Edge0 4.825474, 1.534923, 2.14828, -2.449736
Edge1 2.14828, -2.449736, 5, -5
Edge2 5, -5, 4.825474, 1.534923
Mesh11
Pile0 4.825474, 1.534923
Pile1 5, -5
Pile2 5, 5
12, Edge0 4.825474, 1.534923, 5, -5
Edge1 5, -5, 5, 5
Edge2 5, 5, 4.825474, 1.534923
Mesh12
Pile0 4.825474, 1.534923
Pile1 5, 5
Pile2 2.14828, -2.449736
12, Edge0 4.825474, 1.534923, 5, 5
Edge1 5, 5, 2.14828, -2.449736
Edge2 2.14828, -2.449736, 4.825474, 1.534923


Insert 3.362356, 0.7877995
Mesh0
Pile0 -2.24107, 2.96691
Pile1 5, 5
Pile2 -5, 5
12, Edge0 -2.24107, 2.96691, 5, 5
Edge1 5, 5, -5, 5
Edge2 -5, 5, -2.24107, 2.96691
Mesh1
Pile0 -2.24107, 2.96691
Pile1 -5, 5
Pile2 -5, -5
12, Edge0 -2.24107, 2.96691, -5, 5
Edge1 -5, 5, -5, -5
Edge2 -5, -5, -2.24107, 2.96691
Mesh2
Pile0 -0.7468241, -2.449736
Pile1 -5, -5
Pile2 5, -5
Pile3 2.14828, -2.449736
16, Edge0 -0.7468241, -2.449736, -5, -5
Edge1 -5, -5, 5, -5
Edge2 5, -5, 2.14828, -2.449736
Edge3 2.14828, -2.449736, -0.7468241, -2.449736
Mesh3
Pile0 -2.24107, 2.96691
Pile1 1.899239, 2.157526
Pile2 5, 5
12, Edge0 -2.24107, 2.96691, 1.899239, 2.157526
Edge1 1.899239, 2.157526, 5, 5
Edge2 5, 5, -2.24107, 2.96691
Mesh4
Pile0 -2.24107, 2.96691
Pile1 -5, -5
Pile2 -0.7468241, -2.449736
12, Edge0 -2.24107, 2.96691, -5, -5
Edge1 -5, -5, -0.7468241, -2.449736
Edge2 -0.7468241, -2.449736, -2.24107, 2.96691
Mesh5
Pile0 -2.24107, 2.96691
Pile1 -0.7468241, -2.449736
Pile2 1.899239, 2.157526
12, Edge0 -2.24107, 2.96691, -0.7468241, -2.449736
Edge1 -0.7468241, -2.449736, 1.899239, 2.157526
Edge2 1.899239, 2.157526, -2.24107, 2.96691
Mesh6
Pile0 -0.7468241, -2.449736
Pile1 2.14828, -2.449736
Pile2 1.899239, 2.157526
12, Edge0 -0.7468241, -2.449736, 2.14828, -2.449736
Edge1 2.14828, -2.449736, 1.899239, 2.157526
Edge2 1.899239, 2.157526, -0.7468241, -2.449736
Mesh7
Pile0 4.825474, 1.534923
Pile1 2.14828, -2.449736
Pile2 5, -5
12, Edge0 4.825474, 1.534923, 2.14828, -2.449736
Edge1 2.14828, -2.449736, 5, -5
Edge2 5, -5, 4.825474, 1.534923
Mesh8
Pile0 4.825474, 1.534923
Pile1 5, -5
Pile2 5, 5
12, Edge0 4.825474, 1.534923, 5, -5
Edge1 5, -5, 5, 5
Edge2 5, 5, 4.825474, 1.534923
Mesh9
Pile0 4.825474, 1.534923
Pile1 5, 5
Pile2 2.14828, -2.449736
12, Edge0 4.825474, 1.534923, 5, 5
Edge1 5, 5, 2.14828, -2.449736
Edge2 2.14828, -2.449736, 4.825474, 1.534923
Mesh10
Pile0 3.362356, 0.7877995
Pile1 2.14828, -2.449736
Pile2 5, 5
12, Edge0 3.362356, 0.7877995, 2.14828, -2.449736
Edge1 2.14828, -2.449736, 5, 5
Edge2 5, 5, 3.362356, 0.7877995
Mesh11
Pile0 3.362356, 0.7877995
Pile1 5, 5
Pile2 1.899239, 2.157526
12, Edge0 3.362356, 0.7877995, 5, 5
Edge1 5, 5, 1.899239, 2.157526
Edge2 1.899239, 2.157526, 3.362356, 0.7877995
Mesh12
Pile0 3.362356, 0.7877995
Pile1 1.899239, 2.157526
Pile2 2.14828, -2.449736
12, Edge0 3.362356, 0.7877995, 1.899239, 2.157526
Edge1 1.899239, 2.157526, 2.14828, -2.449736
Edge2 2.14828, -2.449736, 3.362356, 0.7877995


Insert 3.455746, 0.2274572
Mesh0
Pile0 -2.24107, 2.96691
Pile1 5, 5
Pile2 -5, 5
12, Edge0 -2.24107, 2.96691, 5, 5
Edge1 5, 5, -5, 5
Edge2 -5, 5, -2.24107, 2.96691
Mesh1
Pile0 -2.24107, 2.96691
Pile1 -5, 5
Pile2 -5, -5
12, Edge0 -2.24107, 2.96691, -5, 5
Edge1 -5, 5, -5, -5
Edge2 -5, -5, -2.24107, 2.96691
Mesh2
Pile0 -0.7468241, -2.449736
Pile1 -5, -5
Pile2 5, -5
Pile3 2.14828, -2.449736
16, Edge0 -0.7468241, -2.449736, -5, -5
Edge1 -5, -5, 5, -5
Edge2 5, -5, 2.14828, -2.449736
Edge3 2.14828, -2.449736, -0.7468241, -2.449736
Mesh3
Pile0 -2.24107, 2.96691
Pile1 1.899239, 2.157526
Pile2 5, 5
12, Edge0 -2.24107, 2.96691, 1.899239, 2.157526
Edge1 1.899239, 2.157526, 5, 5
Edge2 5, 5, -2.24107, 2.96691
Mesh4
Pile0 -2.24107, 2.96691
Pile1 -5, -5
Pile2 -0.7468241, -2.449736
12, Edge0 -2.24107, 2.96691, -5, -5
Edge1 -5, -5, -0.7468241, -2.449736
Edge2 -0.7468241, -2.449736, -2.24107, 2.96691
Mesh5
Pile0 -2.24107, 2.96691
Pile1 -0.7468241, -2.449736
Pile2 1.899239, 2.157526
12, Edge0 -2.24107, 2.96691, -0.7468241, -2.449736
Edge1 -0.7468241, -2.449736, 1.899239, 2.157526
Edge2 1.899239, 2.157526, -2.24107, 2.96691
Mesh6
Pile0 -0.7468241, -2.449736
Pile1 2.14828, -2.449736
Pile2 1.899239, 2.157526
12, Edge0 -0.7468241, -2.449736, 2.14828, -2.449736
Edge1 2.14828, -2.449736, 1.899239, 2.157526
Edge2 1.899239, 2.157526, -0.7468241, -2.449736
Mesh7
Pile0 4.825474, 1.534923
Pile1 2.14828, -2.449736
Pile2 5, -5
12, Edge0 4.825474, 1.534923, 2.14828, -2.449736
Edge1 2.14828, -2.449736, 5, -5
Edge2 5, -5, 4.825474, 1.534923
Mesh8
Pile0 4.825474, 1.534923
Pile1 5, -5
Pile2 5, 5
12, Edge0 4.825474, 1.534923, 5, -5
Edge1 5, -5, 5, 5
Edge2 5, 5, 4.825474, 1.534923
Mesh9
Pile0 2.14828, -2.449736
Pile1 5, 5
Pile2 1.899239, 2.157526
12, Edge0 2.14828, -2.449736, 5, 5
Edge1 5, 5, 1.899239, 2.157526
Edge2 1.899239, 2.157526, 2.14828, -2.449736
Mesh10
Pile0 3.455746, 0.2274572
Pile1 4.825474, 1.534923
Pile2 5, 5
12, Edge0 3.455746, 0.2274572, 4.825474, 1.534923
Edge1 4.825474, 1.534923, 5, 5
Edge2 5, 5, 3.455746, 0.2274572
Mesh11
Pile0 3.455746, 0.2274572
Pile1 5, 5
Pile2 2.14828, -2.449736
12, Edge0 3.455746, 0.2274572, 5, 5
Edge1 5, 5, 2.14828, -2.449736
Edge2 2.14828, -2.449736, 3.455746, 0.2274572
Mesh12
Pile0 3.455746, 0.2274572
Pile1 2.14828, -2.449736
Pile2 4.825474, 1.534923
12, Edge0 3.455746, 0.2274572, 2.14828, -2.449736
Edge1 2.14828, -2.449736, 4.825474, 1.534923
Edge2 4.825474, 1.534923, 3.455746, 0.2274572


Insert 3.486877, -0.6753165
Mesh0
Pile0 -2.24107, 2.96691
Pile1 5, 5
Pile2 -5, 5
12, Edge0 -2.24107, 2.96691, 5, 5
Edge1 5, 5, -5, 5
Edge2 -5, 5, -2.24107, 2.96691
Mesh1
Pile0 -2.24107, 2.96691
Pile1 -5, 5
Pile2 -5, -5
12, Edge0 -2.24107, 2.96691, -5, 5
Edge1 -5, 5, -5, -5
Edge2 -5, -5, -2.24107, 2.96691
Mesh2
Pile0 -0.7468241, -2.449736
Pile1 -5, -5
Pile2 5, -5
Pile3 2.14828, -2.449736
16, Edge0 -0.7468241, -2.449736, -5, -5
Edge1 -5, -5, 5, -5
Edge2 5, -5, 2.14828, -2.449736
Edge3 2.14828, -2.449736, -0.7468241, -2.449736
Mesh3
Pile0 -2.24107, 2.96691
Pile1 1.899239, 2.157526
Pile2 5, 5
12, Edge0 -2.24107, 2.96691, 1.899239, 2.157526
Edge1 1.899239, 2.157526, 5, 5
Edge2 5, 5, -2.24107, 2.96691
Mesh4
Pile0 -2.24107, 2.96691
Pile1 -5, -5
Pile2 -0.7468241, -2.449736
12, Edge0 -2.24107, 2.96691, -5, -5
Edge1 -5, -5, -0.7468241, -2.449736
Edge2 -0.7468241, -2.449736, -2.24107, 2.96691
Mesh5
Pile0 -2.24107, 2.96691
Pile1 -0.7468241, -2.449736
Pile2 1.899239, 2.157526
12, Edge0 -2.24107, 2.96691, -0.7468241, -2.449736
Edge1 -0.7468241, -2.449736, 1.899239, 2.157526
Edge2 1.899239, 2.157526, -2.24107, 2.96691
Mesh6
Pile0 -0.7468241, -2.449736
Pile1 2.14828, -2.449736
Pile2 1.899239, 2.157526
12, Edge0 -0.7468241, -2.449736, 2.14828, -2.449736
Edge1 2.14828, -2.449736, 1.899239, 2.157526
Edge2 1.899239, 2.157526, -0.7468241, -2.449736
Mesh7
Pile0 4.825474, 1.534923
Pile1 5, -5
Pile2 5, 5
12, Edge0 4.825474, 1.534923, 5, -5
Edge1 5, -5, 5, 5
Edge2 5, 5, 4.825474, 1.534923
Mesh8
Pile0 2.14828, -2.449736
Pile1 5, 5
Pile2 1.899239, 2.157526
12, Edge0 2.14828, -2.449736, 5, 5
Edge1 5, 5, 1.899239, 2.157526
Edge2 1.899239, 2.157526, 2.14828, -2.449736
Mesh9
Pile0 4.825474, 1.534923
Pile1 5, 5
Pile2 2.14828, -2.449736
12, Edge0 4.825474, 1.534923, 5, 5
Edge1 5, 5, 2.14828, -2.449736
Edge2 2.14828, -2.449736, 4.825474, 1.534923
Mesh10
Pile0 3.486877, -0.6753165
Pile1 4.825474, 1.534923
Pile2 2.14828, -2.449736
12, Edge0 3.486877, -0.6753165, 4.825474, 1.534923
Edge1 4.825474, 1.534923, 2.14828, -2.449736
Edge2 2.14828, -2.449736, 3.486877, -0.6753165
Mesh11
Pile0 3.486877, -0.6753165
Pile1 2.14828, -2.449736
Pile2 5, -5
12, Edge0 3.486877, -0.6753165, 2.14828, -2.449736
Edge1 2.14828, -2.449736, 5, -5
Edge2 5, -5, 3.486877, -0.6753165
Mesh12
Pile0 3.486877, -0.6753165
Pile1 5, -5
Pile2 4.825474, 1.534923
12, Edge0 3.486877, -0.6753165, 5, -5
Edge1 5, -5, 4.825474, 1.534923
Edge2 4.825474, 1.534923, 3.486877, -0.6753165


Insert 3.518006, -1.640353
Mesh0
Pile0 -2.24107, 2.96691
Pile1 5, 5
Pile2 -5, 5
12, Edge0 -2.24107, 2.96691, 5, 5
Edge1 5, 5, -5, 5
Edge2 -5, 5, -2.24107, 2.96691
Mesh1
Pile0 -2.24107, 2.96691
Pile1 -5, 5
Pile2 -5, -5
12, Edge0 -2.24107, 2.96691, -5, 5
Edge1 -5, 5, -5, -5
Edge2 -5, -5, -2.24107, 2.96691
Mesh2
Pile0 -0.7468241, -2.449736
Pile1 -5, -5
Pile2 5, -5
Pile3 2.14828, -2.449736
16, Edge0 -0.7468241, -2.449736, -5, -5
Edge1 -5, -5, 5, -5
Edge2 5, -5, 2.14828, -2.449736
Edge3 2.14828, -2.449736, -0.7468241, -2.449736
Mesh3
Pile0 -2.24107, 2.96691
Pile1 1.899239, 2.157526
Pile2 5, 5
12, Edge0 -2.24107, 2.96691, 1.899239, 2.157526
Edge1 1.899239, 2.157526, 5, 5
Edge2 5, 5, -2.24107, 2.96691
Mesh4
Pile0 -2.24107, 2.96691
Pile1 -5, -5
Pile2 -0.7468241, -2.449736
12, Edge0 -2.24107, 2.96691, -5, -5
Edge1 -5, -5, -0.7468241, -2.449736
Edge2 -0.7468241, -2.449736, -2.24107, 2.96691
Mesh5
Pile0 -2.24107, 2.96691
Pile1 -0.7468241, -2.449736
Pile2 1.899239, 2.157526
12, Edge0 -2.24107, 2.96691, -0.7468241, -2.449736
Edge1 -0.7468241, -2.449736, 1.899239, 2.157526
Edge2 1.899239, 2.157526, -2.24107, 2.96691
Mesh6
Pile0 -0.7468241, -2.449736
Pile1 2.14828, -2.449736
Pile2 1.899239, 2.157526
12, Edge0 -0.7468241, -2.449736, 2.14828, -2.449736
Edge1 2.14828, -2.449736, 1.899239, 2.157526
Edge2 1.899239, 2.157526, -0.7468241, -2.449736
Mesh7
Pile0 4.825474, 1.534923
Pile1 5, -5
Pile2 5, 5
12, Edge0 4.825474, 1.534923, 5, -5
Edge1 5, -5, 5, 5
Edge2 5, 5, 4.825474, 1.534923
Mesh8
Pile0 2.14828, -2.449736
Pile1 5, 5
Pile2 1.899239, 2.157526
12, Edge0 2.14828, -2.449736, 5, 5
Edge1 5, 5, 1.899239, 2.157526
Edge2 1.899239, 2.157526, 2.14828, -2.449736
Mesh9
Pile0 4.825474, 1.534923
Pile1 5, 5
Pile2 2.14828, -2.449736
12, Edge0 4.825474, 1.534923, 5, 5
Edge1 5, 5, 2.14828, -2.449736
Edge2 2.14828, -2.449736, 4.825474, 1.534923
Mesh10
Pile0 3.518006, -1.640353
Pile1 4.825474, 1.534923
Pile2 2.14828, -2.449736
12, Edge0 3.518006, -1.640353, 4.825474, 1.534923
Edge1 4.825474, 1.534923, 2.14828, -2.449736
Edge2 2.14828, -2.449736, 3.518006, -1.640353
Mesh11
Pile0 3.518006, -1.640353
Pile1 2.14828, -2.449736
Pile2 5, -5
12, Edge0 3.518006, -1.640353, 2.14828, -2.449736
Edge1 2.14828, -2.449736, 5, -5
Edge2 5, -5, 3.518006, -1.640353
Mesh12
Pile0 3.518006, -1.640353
Pile1 5, -5
Pile2 4.825474, 1.534923
12, Edge0 3.518006, -1.640353, 5, -5
Edge1 5, -5, 4.825474, 1.534923
Edge2 4.825474, 1.534923, 3.518006, -1.640353


Insert 3.704787, -2.667647
Mesh0
Pile0 -2.24107, 2.96691
Pile1 5, 5
Pile2 -5, 5
12, Edge0 -2.24107, 2.96691, 5, 5
Edge1 5, 5, -5, 5
Edge2 -5, 5, -2.24107, 2.96691
Mesh1
Pile0 -2.24107, 2.96691
Pile1 -5, 5
Pile2 -5, -5
12, Edge0 -2.24107, 2.96691, -5, 5
Edge1 -5, 5, -5, -5
Edge2 -5, -5, -2.24107, 2.96691
Mesh2
Pile0 -0.7468241, -2.449736
Pile1 -5, -5
Pile2 5, -5
Pile3 2.14828, -2.449736
16, Edge0 -0.7468241, -2.449736, -5, -5
Edge1 -5, -5, 5, -5
Edge2 5, -5, 2.14828, -2.449736
Edge3 2.14828, -2.449736, -0.7468241, -2.449736
Mesh3
Pile0 -2.24107, 2.96691
Pile1 1.899239, 2.157526
Pile2 5, 5
12, Edge0 -2.24107, 2.96691, 1.899239, 2.157526
Edge1 1.899239, 2.157526, 5, 5
Edge2 5, 5, -2.24107, 2.96691
Mesh4
Pile0 -2.24107, 2.96691
Pile1 -5, -5
Pile2 -0.7468241, -2.449736
12, Edge0 -2.24107, 2.96691, -5, -5
Edge1 -5, -5, -0.7468241, -2.449736
Edge2 -0.7468241, -2.449736, -2.24107, 2.96691
Mesh5
Pile0 -2.24107, 2.96691
Pile1 -0.7468241, -2.449736
Pile2 1.899239, 2.157526
12, Edge0 -2.24107, 2.96691, -0.7468241, -2.449736
Edge1 -0.7468241, -2.449736, 1.899239, 2.157526
Edge2 1.899239, 2.157526, -2.24107, 2.96691
Mesh6
Pile0 -0.7468241, -2.449736
Pile1 2.14828, -2.449736
Pile2 1.899239, 2.157526
12, Edge0 -0.7468241, -2.449736, 2.14828, -2.449736
Edge1 2.14828, -2.449736, 1.899239, 2.157526
Edge2 1.899239, 2.157526, -0.7468241, -2.449736
Mesh7
Pile0 4.825474, 1.534923
Pile1 5, -5
Pile2 5, 5
12, Edge0 4.825474, 1.534923, 5, -5
Edge1 5, -5, 5, 5
Edge2 5, 5, 4.825474, 1.534923
Mesh8
Pile0 2.14828, -2.449736
Pile1 5, 5
Pile2 1.899239, 2.157526
12, Edge0 2.14828, -2.449736, 5, 5
Edge1 5, 5, 1.899239, 2.157526
Edge2 1.899239, 2.157526, 2.14828, -2.449736
Mesh9
Pile0 4.825474, 1.534923
Pile1 5, 5
Pile2 2.14828, -2.449736
12, Edge0 4.825474, 1.534923, 5, 5
Edge1 5, 5, 2.14828, -2.449736
Edge2 2.14828, -2.449736, 4.825474, 1.534923
Mesh10
Pile0 3.704787, -2.667647
Pile1 4.825474, 1.534923
Pile2 2.14828, -2.449736
12, Edge0 3.704787, -2.667647, 4.825474, 1.534923
Edge1 4.825474, 1.534923, 2.14828, -2.449736
Edge2 2.14828, -2.449736, 3.704787, -2.667647
Mesh11
Pile0 3.704787, -2.667647
Pile1 2.14828, -2.449736
Pile2 5, -5
12, Edge0 3.704787, -2.667647, 2.14828, -2.449736
Edge1 2.14828, -2.449736, 5, -5
Edge2 5, -5, 3.704787, -2.667647
Mesh12
Pile0 3.704787, -2.667647
Pile1 5, -5
Pile2 4.825474, 1.534923
12, Edge0 3.704787, -2.667647, 5, -5
Edge1 5, -5, 4.825474, 1.534923
Edge2 4.825474, 1.534923, 3.704787, -2.667647


Insert 4.638693, -3.1346
Mesh0
Pile0 -2.24107, 2.96691
Pile1 5, 5
Pile2 -5, 5
12, Edge0 -2.24107, 2.96691, 5, 5
Edge1 5, 5, -5, 5
Edge2 -5, 5, -2.24107, 2.96691
Mesh1
Pile0 -2.24107, 2.96691
Pile1 -5, 5
Pile2 -5, -5
12, Edge0 -2.24107, 2.96691, -5, 5
Edge1 -5, 5, -5, -5
Edge2 -5, -5, -2.24107, 2.96691
Mesh2
Pile0 -0.7468241, -2.449736
Pile1 -5, -5
Pile2 5, -5
Pile3 2.14828, -2.449736
16, Edge0 -0.7468241, -2.449736, -5, -5
Edge1 -5, -5, 5, -5
Edge2 5, -5, 2.14828, -2.449736
Edge3 2.14828, -2.449736, -0.7468241, -2.449736
Mesh3
Pile0 -2.24107, 2.96691
Pile1 1.899239, 2.157526
Pile2 5, 5
12, Edge0 -2.24107, 2.96691, 1.899239, 2.157526
Edge1 1.899239, 2.157526, 5, 5
Edge2 5, 5, -2.24107, 2.96691
Mesh4
Pile0 -2.24107, 2.96691
Pile1 -5, -5
Pile2 -0.7468241, -2.449736
12, Edge0 -2.24107, 2.96691, -5, -5
Edge1 -5, -5, -0.7468241, -2.449736
Edge2 -0.7468241, -2.449736, -2.24107, 2.96691
Mesh5
Pile0 -2.24107, 2.96691
Pile1 -0.7468241, -2.449736
Pile2 1.899239, 2.157526
12, Edge0 -2.24107, 2.96691, -0.7468241, -2.449736
Edge1 -0.7468241, -2.449736, 1.899239, 2.157526
Edge2 1.899239, 2.157526, -2.24107, 2.96691
Mesh6
Pile0 -0.7468241, -2.449736
Pile1 2.14828, -2.449736
Pile2 1.899239, 2.157526
12, Edge0 -0.7468241, -2.449736, 2.14828, -2.449736
Edge1 2.14828, -2.449736, 1.899239, 2.157526
Edge2 1.899239, 2.157526, -0.7468241, -2.449736
Mesh7
Pile0 4.825474, 1.534923
Pile1 5, -5
Pile2 5, 5
12, Edge0 4.825474, 1.534923, 5, -5
Edge1 5, -5, 5, 5
Edge2 5, 5, 4.825474, 1.534923
Mesh8
Pile0 2.14828, -2.449736
Pile1 5, 5
Pile2 1.899239, 2.157526
12, Edge0 2.14828, -2.449736, 5, 5
Edge1 5, 5, 1.899239, 2.157526
Edge2 1.899239, 2.157526, 2.14828, -2.449736
Mesh9
Pile0 4.825474, 1.534923
Pile1 5, 5
Pile2 2.14828, -2.449736
12, Edge0 4.825474, 1.534923, 5, 5
Edge1 5, 5, 2.14828, -2.449736
Edge2 2.14828, -2.449736, 4.825474, 1.534923
Mesh10
Pile0 4.638693, -3.1346
Pile1 4.825474, 1.534923
Pile2 2.14828, -2.449736
12, Edge0 4.638693, -3.1346, 4.825474, 1.534923
Edge1 4.825474, 1.534923, 2.14828, -2.449736
Edge2 2.14828, -2.449736, 4.638693, -3.1346
Mesh11
Pile0 4.638693, -3.1346
Pile1 2.14828, -2.449736
Pile2 5, -5
12, Edge0 4.638693, -3.1346, 2.14828, -2.449736
Edge1 2.14828, -2.449736, 5, -5
Edge2 5, -5, 4.638693, -3.1346
Mesh12
Pile0 4.638693, -3.1346
Pile1 5, -5
Pile2 4.825474, 1.534923
12, Edge0 4.638693, -3.1346, 5, -5
Edge1 5, -5, 4.825474, 1.534923
Edge2 4.825474, 1.534923, 4.638693, -3.1346


Insert 2.833143, -1.796003
Mesh0
Pile0 -2.24107, 2.96691
Pile1 5, 5
Pile2 -5, 5
12, Edge0 -2.24107, 2.96691, 5, 5
Edge1 5, 5, -5, 5
Edge2 -5, 5, -2.24107, 2.96691
Mesh1
Pile0 -2.24107, 2.96691
Pile1 -5, 5
Pile2 -5, -5
12, Edge0 -2.24107, 2.96691, -5, 5
Edge1 -5, 5, -5, -5
Edge2 -5, -5, -2.24107, 2.96691
Mesh2
Pile0 -2.24107, 2.96691
Pile1 1.899239, 2.157526
Pile2 5, 5
12, Edge0 -2.24107, 2.96691, 1.899239, 2.157526
Edge1 1.899239, 2.157526, 5, 5
Edge2 5, 5, -2.24107, 2.96691
Mesh3
Pile0 -2.24107, 2.96691
Pile1 -5, -5
Pile2 -0.7468241, -2.449736
12, Edge0 -2.24107, 2.96691, -5, -5
Edge1 -5, -5, -0.7468241, -2.449736
Edge2 -0.7468241, -2.449736, -2.24107, 2.96691
Mesh4
Pile0 -2.24107, 2.96691
Pile1 -0.7468241, -2.449736
Pile2 1.899239, 2.157526
12, Edge0 -2.24107, 2.96691, -0.7468241, -2.449736
Edge1 -0.7468241, -2.449736, 1.899239, 2.157526
Edge2 1.899239, 2.157526, -2.24107, 2.96691
Mesh5
Pile0 4.825474, 1.534923
Pile1 5, -5
Pile2 5, 5
12, Edge0 4.825474, 1.534923, 5, -5
Edge1 5, -5, 5, 5
Edge2 5, 5, 4.825474, 1.534923
Mesh6
Pile0 4.638693, -3.1346
Pile1 5, -5
Pile2 4.825474, 1.534923
12, Edge0 4.638693, -3.1346, 5, -5
Edge1 5, -5, 4.825474, 1.534923
Edge2 4.825474, 1.534923, 4.638693, -3.1346
Mesh7
Pile0 -5, -5
Pile1 5, -5
Pile2 4.638693, -3.1346
12, Edge0 -5, -5, 5, -5
Edge1 5, -5, 4.638693, -3.1346
Edge2 4.638693, -3.1346, -5, -5
Mesh8
Pile0 5, 5
Pile1 1.899239, 2.157526
Pile2 -0.7468241, -2.449736
12, Edge0 5, 5, 1.899239, 2.157526
Edge1 1.899239, 2.157526, -0.7468241, -2.449736
Edge2 -0.7468241, -2.449736, 5, 5
Mesh9
Pile0 4.825474, 1.534923
Pile1 5, 5
Pile2 -0.7468241, -2.449736
12, Edge0 4.825474, 1.534923, 5, 5
Edge1 5, 5, -0.7468241, -2.449736
Edge2 -0.7468241, -2.449736, 4.825474, 1.534923
Mesh10
Pile0 -5, -5
Pile1 4.825474, 1.534923
Pile2 -0.7468241, -2.449736
12, Edge0 -5, -5, 4.825474, 1.534923
Edge1 4.825474, 1.534923, -0.7468241, -2.449736
Edge2 -0.7468241, -2.449736, -5, -5
Mesh11
Pile0 -5, -5
Pile1 4.638693, -3.1346
Pile2 4.825474, 1.534923
12, Edge0 -5, -5, 4.638693, -3.1346
Edge1 4.638693, -3.1346, 4.825474, 1.534923
Edge2 4.825474, 1.534923, -5, -5
Mesh12
Pile0 -0.7468241, -2.449736
Pile1 -5, -5
8, Edge0 -0.7468241, -2.449736, -5, -5
Edge1 -5, -5, -0.7468241, -2.449736


