Insert 2.501167, 1.748363
Mesh0
Pile0 2.501167, 1.748363
Pile1 -5, -5
Pile2 5, -5
12, Edge0 2.501167, 1.748363, -5, -5
Edge1 -5, -5, 5, -5
Edge2 5, -5, 2.501167, 1.748363
Mesh1
Pile0 2.501167, 1.748363
Pile1 5, -5
Pile2 5, 5
12, Edge0 2.501167, 1.748363, 5, -5
Edge1 5, -5, 5, 5
Edge2 5, 5, 2.501167, 1.748363
Mesh2
Pile0 2.501167, 1.748363
Pile1 5, 5
Pile2 -5, 5
Pile3 -5, -5
16, Edge0 2.501167, 1.748363, 5, 5
Edge1 5, 5, -5, 5
Edge2 -5, 5, -5, -5
Edge3 -5, -5, 2.501167, 1.748363


Insert -1.47606, -1.327774
Mesh0
Pile0 2.501167, 1.748363
Pile1 -5, -5
Pile2 5, -5
12, Edge0 2.501167, 1.748363, -5, -5
Edge1 -5, -5, 5, -5
Edge2 5, -5, 2.501167, 1.748363
Mesh1
Pile0 2.501167, 1.748363
Pile1 5, -5
Pile2 5, 5
12, Edge0 2.501167, 1.748363, 5, -5
Edge1 5, -5, 5, 5
Edge2 5, 5, 2.501167, 1.748363
Mesh2
Pile0 -1.47606, -1.327774
Pile1 2.501167, 1.748363
Pile2 5, 5
Pile3 -5, 5
16, Edge0 -1.47606, -1.327774, 2.501167, 1.748363
Edge1 2.501167, 1.748363, 5, 5
Edge2 5, 5, -5, 5
Edge3 -5, 5, -1.47606, -1.327774
Mesh3
Pile0 -1.47606, -1.327774
Pile1 -5, 5
Pile2 -5, -5
12, Edge0 -1.47606, -1.327774, -5, 5
Edge1 -5, 5, -5, -5
Edge2 -5, -5, -1.47606, -1.327774
Mesh4
Pile0 -1.47606, -1.327774
Pile1 -5, -5
Pile2 2.501167, 1.748363
12, Edge0 -1.47606, -1.327774, -5, -5
Edge1 -5, -5, 2.501167, 1.748363
Edge2 2.501167, 1.748363, -1.47606, -1.327774


Insert 2.035085, -4.279621
Mesh0
Pile0 2.501167, 1.748363
Pile1 5, -5
Pile2 5, 5
12, Edge0 2.501167, 1.748363, 5, -5
Edge1 5, -5, 5, 5
Edge2 5, 5, 2.501167, 1.748363
Mesh1
Pile0 -1.47606, -1.327774
Pile1 2.501167, 1.748363
Pile2 5, 5
Pile3 -5, 5
16, Edge0 -1.47606, -1.327774, 2.501167, 1.748363
Edge1 2.501167, 1.748363, 5, 5
Edge2 5, 5, -5, 5
Edge3 -5, 5, -1.47606, -1.327774
Mesh2
Pile0 -1.47606, -1.327774
Pile1 -5, 5
Pile2 -5, -5
12, Edge0 -1.47606, -1.327774, -5, 5
Edge1 -5, 5, -5, -5
Edge2 -5, -5, -1.47606, -1.327774
Mesh3
Pile0 -1.47606, -1.327774
Pile1 -5, -5
Pile2 2.501167, 1.748363
12, Edge0 -1.47606, -1.327774, -5, -5
Edge1 -5, -5, 2.501167, 1.748363
Edge2 2.501167, 1.748363, -1.47606, -1.327774
Mesh4
Pile0 2.035085, -4.279621
Pile1 2.501167, 1.748363
Pile2 -5, -5
12, Edge0 2.035085, -4.279621, 2.501167, 1.748363
Edge1 2.501167, 1.748363, -5, -5
Edge2 -5, -5, 2.035085, -4.279621
Mesh5
Pile0 2.035085, -4.279621
Pile1 -5, -5
Pile2 5, -5
12, Edge0 2.035085, -4.279621, -5, -5
Edge1 -5, -5, 5, -5
Edge2 5, -5, 2.035085, -4.279621
Mesh6
Pile0 2.035085, -4.279621
Pile1 5, -5
Pile2 2.501167, 1.748363
12, Edge0 2.035085, -4.279621, 5, -5
Edge1 5, -5, 2.501167, 1.748363
Edge2 2.501167, 1.748363, 2.035085, -4.279621


Insert 2.936176, -1.265629
Mesh0
Pile0 2.501167, 1.748363
Pile1 5, -5
Pile2 5, 5
12, Edge0 2.501167, 1.748363, 5, -5
Edge1 5, -5, 5, 5
Edge2 5, 5, 2.501167, 1.748363
Mesh1
Pile0 -1.47606, -1.327774
Pile1 2.501167, 1.748363
Pile2 5, 5
Pile3 -5, 5
16, Edge0 -1.47606, -1.327774, 2.501167, 1.748363
Edge1 2.501167, 1.748363, 5, 5
Edge2 5, 5, -5, 5
Edge3 -5, 5, -1.47606, -1.327774
Mesh2
Pile0 -1.47606, -1.327774
Pile1 -5, 5
Pile2 -5, -5
12, Edge0 -1.47606, -1.327774, -5, 5
Edge1 -5, 5, -5, -5
Edge2 -5, -5, -1.47606, -1.327774
Mesh3
Pile0 -1.47606, -1.327774
Pile1 -5, -5
Pile2 2.501167, 1.748363
12, Edge0 -1.47606, -1.327774, -5, -5
Edge1 -5, -5, 2.501167, 1.748363
Edge2 2.501167, 1.748363, -1.47606, -1.327774
Mesh4
Pile0 2.035085, -4.279621
Pile1 2.501167, 1.748363
Pile2 -5, -5
12, Edge0 2.035085, -4.279621, 2.501167, 1.748363
Edge1 2.501167, 1.748363, -5, -5
Edge2 -5, -5, 2.035085, -4.279621
Mesh5
Pile0 2.035085, -4.279621
Pile1 -5, -5
Pile2 5, -5
12, Edge0 2.035085, -4.279621, -5, -5
Edge1 -5, -5, 5, -5
Edge2 5, -5, 2.035085, -4.279621
Mesh6
Pile0 2.936176, -1.265629
Pile1 2.035085, -4.279621
Pile2 5, -5
12, Edge0 2.936176, -1.265629, 2.035085, -4.279621
Edge1 2.035085, -4.279621, 5, -5
Edge2 5, -5, 2.936176, -1.265629
Mesh7
Pile0 2.936176, -1.265629
Pile1 5, -5
Pile2 2.501167, 1.748363
12, Edge0 2.936176, -1.265629, 5, -5
Edge1 5, -5, 2.501167, 1.748363
Edge2 2.501167, 1.748363, 2.936176, -1.265629
Mesh8
Pile0 2.936176, -1.265629
Pile1 2.501167, 1.748363
Pile2 2.035085, -4.279621
12, Edge0 2.936176, -1.265629, 2.501167, 1.748363
Edge1 2.501167, 1.748363, 2.035085, -4.279621
Edge2 2.035085, -4.279621, 2.936176, -1.265629


Insert -0.3263932, 1.593002
Mesh0
Pile0 2.501167, 1.748363
Pile1 5, -5
Pile2 5, 5
12, Edge0 2.501167, 1.748363, 5, -5
Edge1 5, -5, 5, 5
Edge2 5, 5, 2.501167, 1.748363
Mesh1
Pile0 -1.47606, -1.327774
Pile1 -5, 5
Pile2 -5, -5
12, Edge0 -1.47606, -1.327774, -5, 5
Edge1 -5, 5, -5, -5
Edge2 -5, -5, -1.47606, -1.327774
Mesh2
Pile0 -1.47606, -1.327774
Pile1 -5, -5
Pile2 2.501167, 1.748363
12, Edge0 -1.47606, -1.327774, -5, -5
Edge1 -5, -5, 2.501167, 1.748363
Edge2 2.501167, 1.748363, -1.47606, -1.327774
Mesh3
Pile0 2.035085, -4.279621
Pile1 2.501167, 1.748363
Pile2 -5, -5
12, Edge0 2.035085, -4.279621, 2.501167, 1.748363
Edge1 2.501167, 1.748363, -5, -5
Edge2 -5, -5, 2.035085, -4.279621
Mesh4
Pile0 2.035085, -4.279621
Pile1 -5, -5
Pile2 5, -5
12, Edge0 2.035085, -4.279621, -5, -5
Edge1 -5, -5, 5, -5
Edge2 5, -5, 2.035085, -4.279621
Mesh5
Pile0 2.936176, -1.265629
Pile1 2.035085, -4.279621
Pile2 5, -5
12, Edge0 2.936176, -1.265629, 2.035085, -4.279621
Edge1 2.035085, -4.279621, 5, -5
Edge2 5, -5, 2.936176, -1.265629
Mesh6
Pile0 2.936176, -1.265629
Pile1 5, -5
Pile2 2.501167, 1.748363
12, Edge0 2.936176, -1.265629, 5, -5
Edge1 5, -5, 2.501167, 1.748363
Edge2 2.501167, 1.748363, 2.936176, -1.265629
Mesh7
Pile0 2.936176, -1.265629
Pile1 2.501167, 1.748363
Pile2 2.035085, -4.279621
12, Edge0 2.936176, -1.265629, 2.501167, 1.748363
Edge1 2.501167, 1.748363, 2.035085, -4.279621
Edge2 2.035085, -4.279621, 2.936176, -1.265629
Mesh8
Pile0 -0.3263932, 1.593002
Pile1 -1.47606, -1.327774
Pile2 2.501167, 1.748363
Pile3 5, 5
16, Edge0 -0.3263932, 1.593002, -1.47606, -1.327774
Edge1 -1.47606, -1.327774, 2.501167, 1.748363
Edge2 2.501167, 1.748363, 5, 5
Edge3 5, 5, -0.3263932, 1.593002
Mesh9
Pile0 -0.3263932, 1.593002
Pile1 5, 5
Pile2 -5, 5
12, Edge0 -0.3263932, 1.593002, 5, 5
Edge1 5, 5, -5, 5
Edge2 -5, 5, -0.3263932, 1.593002
Mesh10
Pile0 -0.3263932, 1.593002
Pile1 -5, 5
Pile2 -1.47606, -1.327774
12, Edge0 -0.3263932, 1.593002, -5, 5
Edge1 -5, 5, -1.47606, -1.327774
Edge2 -1.47606, -1.327774, -0.3263932, 1.593002


Insert -2.346078, 0.7851278
Mesh0
Pile0 2.501167, 1.748363
Pile1 5, -5
Pile2 5, 5
12, Edge0 2.501167, 1.748363, 5, -5
Edge1 5, -5, 5, 5
Edge2 5, 5, 2.501167, 1.748363
Mesh1
Pile0 -1.47606, -1.327774
Pile1 -5, 5
Pile2 -5, -5
12, Edge0 -1.47606, -1.327774, -5, 5
Edge1 -5, 5, -5, -5
Edge2 -5, -5, -1.47606, -1.327774
Mesh2
Pile0 -1.47606, -1.327774
Pile1 -5, -5
Pile2 2.501167, 1.748363
12, Edge0 -1.47606, -1.327774, -5, -5
Edge1 -5, -5, 2.501167, 1.748363
Edge2 2.501167, 1.748363, -1.47606, -1.327774
Mesh3
Pile0 2.035085, -4.279621
Pile1 2.501167, 1.748363
Pile2 -5, -5
12, Edge0 2.035085, -4.279621, 2.501167, 1.748363
Edge1 2.501167, 1.748363, -5, -5
Edge2 -5, -5, 2.035085, -4.279621
Mesh4
Pile0 2.035085, -4.279621
Pile1 -5, -5
Pile2 5, -5
12, Edge0 2.035085, -4.279621, -5, -5
Edge1 -5, -5, 5, -5
Edge2 5, -5, 2.035085, -4.279621
Mesh5
Pile0 2.936176, -1.265629
Pile1 2.035085, -4.279621
Pile2 5, -5
12, Edge0 2.936176, -1.265629, 2.035085, -4.279621
Edge1 2.035085, -4.279621, 5, -5
Edge2 5, -5, 2.936176, -1.265629
Mesh6
Pile0 2.936176, -1.265629
Pile1 5, -5
Pile2 2.501167, 1.748363
12, Edge0 2.936176, -1.265629, 5, -5
Edge1 5, -5, 2.501167, 1.748363
Edge2 2.501167, 1.748363, 2.936176, -1.265629
Mesh7
Pile0 2.936176, -1.265629
Pile1 2.501167, 1.748363
Pile2 2.035085, -4.279621
12, Edge0 2.936176, -1.265629, 2.501167, 1.748363
Edge1 2.501167, 1.748363, 2.035085, -4.279621
Edge2 2.035085, -4.279621, 2.936176, -1.265629
Mesh8
Pile0 -0.3263932, 1.593002
Pile1 -1.47606, -1.327774
Pile2 2.501167, 1.748363
Pile3 5, 5
16, Edge0 -0.3263932, 1.593002, -1.47606, -1.327774
Edge1 -1.47606, -1.327774, 2.501167, 1.748363
Edge2 2.501167, 1.748363, 5, 5
Edge3 5, 5, -0.3263932, 1.593002
Mesh9
Pile0 -0.3263932, 1.593002
Pile1 5, 5
Pile2 -5, 5
12, Edge0 -0.3263932, 1.593002, 5, 5
Edge1 5, 5, -5, 5
Edge2 -5, 5, -0.3263932, 1.593002
Mesh10
Pile0 -2.346078, 0.7851278
Pile1 -0.3263932, 1.593002
Pile2 -5, 5
12, Edge0 -2.346078, 0.7851278, -0.3263932, 1.593002
Edge1 -0.3263932, 1.593002, -5, 5
Edge2 -5, 5, -2.346078, 0.7851278
Mesh11
Pile0 -2.346078, 0.7851278
Pile1 -5, 5
Pile2 -1.47606, -1.327774
12, Edge0 -2.346078, 0.7851278, -5, 5
Edge1 -5, 5, -1.47606, -1.327774
Edge2 -1.47606, -1.327774, -2.346078, 0.7851278
Mesh12
Pile0 -2.346078, 0.7851278
Pile1 -1.47606, -1.327774
Pile2 -0.3263932, 1.593002
12, Edge0 -2.346078, 0.7851278, -1.47606, -1.327774
Edge1 -1.47606, -1.327774, -0.3263932, 1.593002
Edge2 -0.3263932, 1.593002, -2.346078, 0.7851278


Insert -2.936448, -1.265629
Mesh0
Pile0 2.501167, 1.748363
Pile1 5, -5
Pile2 5, 5
12, Edge0 2.501167, 1.748363, 5, -5
Edge1 5, -5, 5, 5
Edge2 5, 5, 2.501167, 1.748363
Mesh1
Pile0 -1.47606, -1.327774
Pile1 -5, -5
Pile2 2.501167, 1.748363
12, Edge0 -1.47606, -1.327774, -5, -5
Edge1 -5, -5, 2.501167, 1.748363
Edge2 2.501167, 1.748363, -1.47606, -1.327774
Mesh2
Pile0 2.035085, -4.279621
Pile1 2.501167, 1.748363
Pile2 -5, -5
12, Edge0 2.035085, -4.279621, 2.501167, 1.748363
Edge1 2.501167, 1.748363, -5, -5
Edge2 -5, -5, 2.035085, -4.279621
Mesh3
Pile0 2.035085, -4.279621
Pile1 -5, -5
Pile2 5, -5
12, Edge0 2.035085, -4.279621, -5, -5
Edge1 -5, -5, 5, -5
Edge2 5, -5, 2.035085, -4.279621
Mesh4
Pile0 2.936176, -1.265629
Pile1 2.035085, -4.279621
Pile2 5, -5
12, Edge0 2.936176, -1.265629, 2.035085, -4.279621
Edge1 2.035085, -4.279621, 5, -5
Edge2 5, -5, 2.936176, -1.265629
Mesh5
Pile0 2.936176, -1.265629
Pile1 5, -5
Pile2 2.501167, 1.748363
12, Edge0 2.936176, -1.265629, 5, -5
Edge1 5, -5, 2.501167, 1.748363
Edge2 2.501167, 1.748363, 2.936176, -1.265629
Mesh6
Pile0 2.936176, -1.265629
Pile1 2.501167, 1.748363
Pile2 2.035085, -4.279621
12, Edge0 2.936176, -1.265629, 2.501167, 1.748363
Edge1 2.501167, 1.748363, 2.035085, -4.279621
Edge2 2.035085, -4.279621, 2.936176, -1.265629
Mesh7
Pile0 -0.3263932, 1.593002
Pile1 -1.47606, -1.327774
Pile2 2.501167, 1.748363
Pile3 5, 5
16, Edge0 -0.3263932, 1.593002, -1.47606, -1.327774
Edge1 -1.47606, -1.327774, 2.501167, 1.748363
Edge2 2.501167, 1.748363, 5, 5
Edge3 5, 5, -0.3263932, 1.593002
Mesh8
Pile0 -0.3263932, 1.593002
Pile1 5, 5
Pile2 -5, 5
12, Edge0 -0.3263932, 1.593002, 5, 5
Edge1 5, 5, -5, 5
Edge2 -5, 5, -0.3263932, 1.593002
Mesh9
Pile0 -2.346078, 0.7851278
Pile1 -0.3263932, 1.593002
Pile2 -5, 5
12, Edge0 -2.346078, 0.7851278, -0.3263932, 1.593002
Edge1 -0.3263932, 1.593002, -5, 5
Edge2 -5, 5, -2.346078, 0.7851278
Mesh10
Pile0 -2.346078, 0.7851278
Pile1 -5, 5
Pile2 -1.47606, -1.327774
12, Edge0 -2.346078, 0.7851278, -5, 5
Edge1 -5, 5, -1.47606, -1.327774
Edge2 -1.47606, -1.327774, -2.346078, 0.7851278
Mesh11
Pile0 -2.346078, 0.7851278
Pile1 -1.47606, -1.327774
Pile2 -0.3263932, 1.593002
12, Edge0 -2.346078, 0.7851278, -1.47606, -1.327774
Edge1 -1.47606, -1.327774, -0.3263932, 1.593002
Edge2 -0.3263932, 1.593002, -2.346078, 0.7851278
Mesh12
Pile0 -2.936448, -1.265629
Pile1 -1.47606, -1.327774
Pile2 -5, 5
12, Edge0 -2.936448, -1.265629, -1.47606, -1.327774
Edge1 -1.47606, -1.327774, -5, 5
Edge2 -5, 5, -2.936448, -1.265629
Mesh13
Pile0 -2.936448, -1.265629
Pile1 -5, 5
Pile2 -5, -5
12, Edge0 -2.936448, -1.265629, -5, 5
Edge1 -5, 5, -5, -5
Edge2 -5, -5, -2.936448, -1.265629
Mesh14
Pile0 -2.936448, -1.265629
Pile1 -5, -5
Pile2 -1.47606, -1.327774
12, Edge0 -2.936448, -1.265629, -5, -5
Edge1 -5, -5, -1.47606, -1.327774
Edge2 -1.47606, -1.327774, -2.936448, -1.265629


Insert -0.1399606, -3.533892
Mesh0
Pile0 2.501167, 1.748363
Pile1 5, -5
Pile2 5, 5
12, Edge0 2.501167, 1.748363, 5, -5
Edge1 5, -5, 5, 5
Edge2 5, 5, 2.501167, 1.748363
Mesh1
Pile0 -1.47606, -1.327774
Pile1 -5, -5
Pile2 2.501167, 1.748363
12, Edge0 -1.47606, -1.327774, -5, -5
Edge1 -5, -5, 2.501167, 1.748363
Edge2 2.501167, 1.748363, -1.47606, -1.327774
Mesh2
Pile0 2.035085, -4.279621
Pile1 -5, -5
Pile2 5, -5
12, Edge0 2.035085, -4.279621, -5, -5
Edge1 -5, -5, 5, -5
Edge2 5, -5, 2.035085, -4.279621
Mesh3
Pile0 2.936176, -1.265629
Pile1 2.035085, -4.279621
Pile2 5, -5
12, Edge0 2.936176, -1.265629, 2.035085, -4.279621
Edge1 2.035085, -4.279621, 5, -5
Edge2 5, -5, 2.936176, -1.265629
Mesh4
Pile0 2.936176, -1.265629
Pile1 5, -5
Pile2 2.501167, 1.748363
12, Edge0 2.936176, -1.265629, 5, -5
Edge1 5, -5, 2.501167, 1.748363
Edge2 2.501167, 1.748363, 2.936176, -1.265629
Mesh5
Pile0 2.936176, -1.265629
Pile1 2.501167, 1.748363
Pile2 2.035085, -4.279621
12, Edge0 2.936176, -1.265629, 2.501167, 1.748363
Edge1 2.501167, 1.748363, 2.035085, -4.279621
Edge2 2.035085, -4.279621, 2.936176, -1.265629
Mesh6
Pile0 -0.3263932, 1.593002
Pile1 -1.47606, -1.327774
Pile2 2.501167, 1.748363
Pile3 5, 5
16, Edge0 -0.3263932, 1.593002, -1.47606, -1.327774
Edge1 -1.47606, -1.327774, 2.501167, 1.748363
Edge2 2.501167, 1.748363, 5, 5
Edge3 5, 5, -0.3263932, 1.593002
Mesh7
Pile0 -0.3263932, 1.593002
Pile1 5, 5
Pile2 -5, 5
12, Edge0 -0.3263932, 1.593002, 5, 5
Edge1 5, 5, -5, 5
Edge2 -5, 5, -0.3263932, 1.593002
Mesh8
Pile0 -2.346078, 0.7851278
Pile1 -0.3263932, 1.593002
Pile2 -5, 5
12, Edge0 -2.346078, 0.7851278, -0.3263932, 1.593002
Edge1 -0.3263932, 1.593002, -5, 5
Edge2 -5, 5, -2.346078, 0.7851278
Mesh9
Pile0 -2.346078, 0.7851278
Pile1 -5, 5
Pile2 -1.47606, -1.327774
12, Edge0 -2.346078, 0.7851278, -5, 5
Edge1 -5, 5, -1.47606, -1.327774
Edge2 -1.47606, -1.327774, -2.346078, 0.7851278
Mesh10
Pile0 -2.346078, 0.7851278
Pile1 -1.47606, -1.327774
Pile2 -0.3263932, 1.593002
12, Edge0 -2.346078, 0.7851278, -1.47606, -1.327774
Edge1 -1.47606, -1.327774, -0.3263932, 1.593002
Edge2 -0.3263932, 1.593002, -2.346078, 0.7851278
Mesh11
Pile0 -2.936448, -1.265629
Pile1 -1.47606, -1.327774
Pile2 -5, 5
12, Edge0 -2.936448, -1.265629, -1.47606, -1.327774
Edge1 -1.47606, -1.327774, -5, 5
Edge2 -5, 5, -2.936448, -1.265629
Mesh12
Pile0 -2.936448, -1.265629
Pile1 -5, 5
Pile2 -5, -5
12, Edge0 -2.936448, -1.265629, -5, 5
Edge1 -5, 5, -5, -5
Edge2 -5, -5, -2.936448, -1.265629
Mesh13
Pile0 -2.936448, -1.265629
Pile1 -5, -5
Pile2 -1.47606, -1.327774
12, Edge0 -2.936448, -1.265629, -5, -5
Edge1 -5, -5, -1.47606, -1.327774
Edge2 -1.47606, -1.327774, -2.936448, -1.265629
Mesh14
Pile0 -0.1399606, -3.533892
Pile1 2.035085, -4.279621
Pile2 2.501167, 1.748363
12, Edge0 -0.1399606, -3.533892, 2.035085, -4.279621
Edge1 2.035085, -4.279621, 2.501167, 1.748363
Edge2 2.501167, 1.748363, -0.1399606, -3.533892
Mesh15
Pile0 -0.1399606, -3.533892
Pile1 2.501167, 1.748363
Pile2 -5, -5
12, Edge0 -0.1399606, -3.533892, 2.501167, 1.748363
Edge1 2.501167, 1.748363, -5, -5
Edge2 -5, -5, -0.1399606, -3.533892
Mesh16
Pile0 -0.1399606, -3.533892
Pile1 -5, -5
Pile2 2.035085, -4.279621
12, Edge0 -0.1399606, -3.533892, -5, -5
Edge1 -5, -5, 2.035085, -4.279621
Edge2 2.035085, -4.279621, -0.1399606, -3.533892


Remove -1.47606, -1.327774
Mesh0
Pile0 2.501167, 1.748363
Pile1 5, -5
Pile2 5, 5
12, Edge0 2.501167, 1.748363, 5, -5
Edge1 5, -5, 5, 5
Edge2 5, 5, 2.501167, 1.748363
Mesh1
Pile0 2.035085, -4.279621
Pile1 -5, -5
Pile2 5, -5
12, Edge0 2.035085, -4.279621, -5, -5
Edge1 -5, -5, 5, -5
Edge2 5, -5, 2.035085, -4.279621
Mesh2
Pile0 2.936176, -1.265629
Pile1 2.035085, -4.279621
Pile2 5, -5
12, Edge0 2.936176, -1.265629, 2.035085, -4.279621
Edge1 2.035085, -4.279621, 5, -5
Edge2 5, -5, 2.936176, -1.265629
Mesh3
Pile0 2.936176, -1.265629
Pile1 5, -5
Pile2 2.501167, 1.748363
12, Edge0 2.936176, -1.265629, 5, -5
Edge1 5, -5, 2.501167, 1.748363
Edge2 2.501167, 1.748363, 2.936176, -1.265629
Mesh4
Pile0 2.936176, -1.265629
Pile1 2.501167, 1.748363
Pile2 2.035085, -4.279621
12, Edge0 2.936176, -1.265629, 2.501167, 1.748363
Edge1 2.501167, 1.748363, 2.035085, -4.279621
Edge2 2.035085, -4.279621, 2.936176, -1.265629
Mesh5
Pile0 -0.3263932, 1.593002
Pile1 5, 5
Pile2 -5, 5
12, Edge0 -0.3263932, 1.593002, 5, 5
Edge1 5, 5, -5, 5
Edge2 -5, 5, -0.3263932, 1.593002
Mesh6
Pile0 -2.346078, 0.7851278
Pile1 -0.3263932, 1.593002
Pile2 -5, 5
12, Edge0 -2.346078, 0.7851278, -0.3263932, 1.593002
Edge1 -0.3263932, 1.593002, -5, 5
Edge2 -5, 5, -2.346078, 0.7851278
Mesh7
Pile0 -2.936448, -1.265629
Pile1 -5, 5
Pile2 -5, -5
12, Edge0 -2.936448, -1.265629, -5, 5
Edge1 -5, 5, -5, -5
Edge2 -5, -5, -2.936448, -1.265629
Mesh8
Pile0 -0.1399606, -3.533892
Pile1 2.035085, -4.279621
Pile2 2.501167, 1.748363
12, Edge0 -0.1399606, -3.533892, 2.035085, -4.279621
Edge1 2.035085, -4.279621, 2.501167, 1.748363
Edge2 2.501167, 1.748363, -0.1399606, -3.533892
Mesh9
Pile0 -0.1399606, -3.533892
Pile1 2.501167, 1.748363
Pile2 -5, -5
12, Edge0 -0.1399606, -3.533892, 2.501167, 1.748363
Edge1 2.501167, 1.748363, -5, -5
Edge2 -5, -5, -0.1399606, -3.533892
Mesh10
Pile0 -0.1399606, -3.533892
Pile1 -5, -5
Pile2 2.035085, -4.279621
12, Edge0 -0.1399606, -3.533892, -5, -5
Edge1 -5, -5, 2.035085, -4.279621
Edge2 2.035085, -4.279621, -0.1399606, -3.533892
Mesh11
Pile0 2.501167, 1.748363
Pile1 5, 5
Pile2 -0.3263932, 1.593002
12, Edge0 2.501167, 1.748363, 5, 5
Edge1 5, 5, -0.3263932, 1.593002
Edge2 -0.3263932, 1.593002, 2.501167, 1.748363
Mesh12
Pile0 2.501167, 1.748363
Pile1 -0.3263932, 1.593002
Pile2 -2.346078, 0.7851278
12, Edge0 2.501167, 1.748363, -0.3263932, 1.593002
Edge1 -0.3263932, 1.593002, -2.346078, 0.7851278
Edge2 -2.346078, 0.7851278, 2.501167, 1.748363
Mesh13
Pile0 -5, -5
Pile1 2.501167, 1.748363
Pile2 -2.346078, 0.7851278
12, Edge0 -5, -5, 2.501167, 1.748363
Edge1 2.501167, 1.748363, -2.346078, 0.7851278
Edge2 -2.346078, 0.7851278, -5, -5
Mesh14
Pile0 -2.346078, 0.7851278
Pile1 -5, 5
Pile2 -2.936448, -1.265629
12, Edge0 -2.346078, 0.7851278, -5, 5
Edge1 -5, 5, -2.936448, -1.265629
Edge2 -2.936448, -1.265629, -2.346078, 0.7851278
Mesh15
Pile0 -5, -5
Pile1 -2.346078, 0.7851278
Pile2 -2.936448, -1.265629
12, Edge0 -5, -5, -2.346078, 0.7851278
Edge1 -2.346078, 0.7851278, -2.936448, -1.265629
Edge2 -2.936448, -1.265629, -5, -5
Mesh16
Pile0 -5, -5
Pile1 -2.936448, -1.265629
8, Edge0 -5, -5, -2.936448, -1.265629
Edge1 -2.936448, -1.265629, -5, -5


Insert -0.6060413, -1.483134
Mesh0
Pile0 2.501167, 1.748363
Pile1 5, -5
Pile2 5, 5
12, Edge0 2.501167, 1.748363, 5, -5
Edge1 5, -5, 5, 5
Edge2 5, 5, 2.501167, 1.748363
Mesh1
Pile0 2.035085, -4.279621
Pile1 -5, -5
Pile2 5, -5
12, Edge0 2.035085, -4.279621, -5, -5
Edge1 -5, -5, 5, -5
Edge2 5, -5, 2.035085, -4.279621
Mesh2
Pile0 2.936176, -1.265629
Pile1 2.035085, -4.279621
Pile2 5, -5
12, Edge0 2.936176, -1.265629, 2.035085, -4.279621
Edge1 2.035085, -4.279621, 5, -5
Edge2 5, -5, 2.936176, -1.265629
Mesh3
Pile0 2.936176, -1.265629
Pile1 5, -5
Pile2 2.501167, 1.748363
12, Edge0 2.936176, -1.265629, 5, -5
Edge1 5, -5, 2.501167, 1.748363
Edge2 2.501167, 1.748363, 2.936176, -1.265629
Mesh4
Pile0 2.936176, -1.265629
Pile1 2.501167, 1.748363
Pile2 2.035085, -4.279621
12, Edge0 2.936176, -1.265629, 2.501167, 1.748363
Edge1 2.501167, 1.748363, 2.035085, -4.279621
Edge2 2.035085, -4.279621, 2.936176, -1.265629
Mesh5
Pile0 -0.3263932, 1.593002
Pile1 5, 5
Pile2 -5, 5
12, Edge0 -0.3263932, 1.593002, 5, 5
Edge1 5, 5, -5, 5
Edge2 -5, 5, -0.3263932, 1.593002
Mesh6
Pile0 -2.346078, 0.7851278
Pile1 -0.3263932, 1.593002
Pile2 -5, 5
12, Edge0 -2.346078, 0.7851278, -0.3263932, 1.593002
Edge1 -0.3263932, 1.593002, -5, 5
Edge2 -5, 5, -2.346078, 0.7851278
Mesh7
Pile0 -2.936448, -1.265629
Pile1 -5, 5
Pile2 -5, -5
12, Edge0 -2.936448, -1.265629, -5, 5
Edge1 -5, 5, -5, -5
Edge2 -5, -5, -2.936448, -1.265629
Mesh8
Pile0 -0.1399606, -3.533892
Pile1 2.035085, -4.279621
Pile2 2.501167, 1.748363
12, Edge0 -0.1399606, -3.533892, 2.035085, -4.279621
Edge1 2.035085, -4.279621, 2.501167, 1.748363
Edge2 2.501167, 1.748363, -0.1399606, -3.533892
Mesh9
Pile0 -0.1399606, -3.533892
Pile1 -5, -5
Pile2 2.035085, -4.279621
12, Edge0 -0.1399606, -3.533892, -5, -5
Edge1 -5, -5, 2.035085, -4.279621
Edge2 2.035085, -4.279621, -0.1399606, -3.533892
Mesh10
Pile0 2.501167, 1.748363
Pile1 5, 5
Pile2 -0.3263932, 1.593002
12, Edge0 2.501167, 1.748363, 5, 5
Edge1 5, 5, -0.3263932, 1.593002
Edge2 -0.3263932, 1.593002, 2.501167, 1.748363
Mesh11
Pile0 2.501167, 1.748363
Pile1 -0.3263932, 1.593002
Pile2 -2.346078, 0.7851278
12, Edge0 2.501167, 1.748363, -0.3263932, 1.593002
Edge1 -0.3263932, 1.593002, -2.346078, 0.7851278
Edge2 -2.346078, 0.7851278, 2.501167, 1.748363
Mesh12
Pile0 -5, -5
Pile1 2.501167, 1.748363
Pile2 -2.346078, 0.7851278
12, Edge0 -5, -5, 2.501167, 1.748363
Edge1 2.501167, 1.748363, -2.346078, 0.7851278
Edge2 -2.346078, 0.7851278, -5, -5
Mesh13
Pile0 -2.346078, 0.7851278
Pile1 -5, 5
Pile2 -2.936448, -1.265629
12, Edge0 -2.346078, 0.7851278, -5, 5
Edge1 -5, 5, -2.936448, -1.265629
Edge2 -2.936448, -1.265629, -2.346078, 0.7851278
Mesh14
Pile0 -5, -5
Pile1 -2.346078, 0.7851278
Pile2 -2.936448, -1.265629
12, Edge0 -5, -5, -2.346078, 0.7851278
Edge1 -2.346078, 0.7851278, -2.936448, -1.265629
Edge2 -2.936448, -1.265629, -5, -5
Mesh15
Pile0 -0.1399606, -3.533892
Pile1 2.501167, 1.748363
Pile2 -5, -5
12, Edge0 -0.1399606, -3.533892, 2.501167, 1.748363
Edge1 2.501167, 1.748363, -5, -5
Edge2 -5, -5, -0.1399606, -3.533892
Mesh16
Pile0 -5, -5
Pile1 -2.936448, -1.265629
8, Edge0 -5, -5, -2.936448, -1.265629
Edge1 -2.936448, -1.265629, -5, -5


