Insert -1.413916, -0.2091784
Mesh0
Pile0 -1.413916, -0.2091784
Pile1 -5, -5
Pile2 5, -5
Pile3 5, 5
16, Edge0 -1.413916, -0.2091784, -5, -5
Edge1 -5, -5, 5, -5
Edge2 5, -5, 5, 5
Edge3 5, 5, -1.413916, -0.2091784
Mesh1
Pile0 -1.413916, -0.2091784
Pile1 5, 5
Pile2 -5, 5
12, Edge0 -1.413916, -0.2091784, 5, 5
Edge1 5, 5, -5, 5
Edge2 -5, 5, -1.413916, -0.2091784
Mesh2
Pile0 -1.413916, -0.2091784
Pile1 -5, 5
Pile2 -5, -5
12, Edge0 -1.413916, -0.2091784, -5, 5
Edge1 -5, 5, -5, -5
Edge2 -5, -5, -1.413916, -0.2091784


Insert 0.3882648, -0.8927647
Mesh0
Pile0 -1.413916, -0.2091784
Pile1 5, 5
Pile2 -5, 5
12, Edge0 -1.413916, -0.2091784, 5, 5
Edge1 5, 5, -5, 5
Edge2 -5, 5, -1.413916, -0.2091784
Mesh1
Pile0 -1.413916, -0.2091784
Pile1 -5, 5
Pile2 -5, -5
12, Edge0 -1.413916, -0.2091784, -5, 5
Edge1 -5, 5, -5, -5
Edge2 -5, -5, -1.413916, -0.2091784
Mesh2
Pile0 0.3882648, -0.8927647
Pile1 -1.413916, -0.2091784
Pile2 -5, -5
Pile3 5, -5
16, Edge0 0.3882648, -0.8927647, -1.413916, -0.2091784
Edge1 -1.413916, -0.2091784, -5, -5
Edge2 -5, -5, 5, -5
Edge3 5, -5, 0.3882648, -0.8927647
Mesh3
Pile0 0.3882648, -0.8927647
Pile1 5, -5
Pile2 5, 5
12, Edge0 0.3882648, -0.8927647, 5, -5
Edge1 5, -5, 5, 5
Edge2 5, 5, 0.3882648, -0.8927647
Mesh4
Pile0 0.3882648, -0.8927647
Pile1 5, 5
Pile2 -1.413916, -0.2091784
12, Edge0 0.3882648, -0.8927647, 5, 5
Edge1 5, 5, -1.413916, -0.2091784
Edge2 -1.413916, -0.2091784, 0.3882648, -0.8927647


Insert 3.43333, -1.607423
Mesh0
Pile0 -1.413916, -0.2091784
Pile1 5, 5
Pile2 -5, 5
12, Edge0 -1.413916, -0.2091784, 5, 5
Edge1 5, 5, -5, 5
Edge2 -5, 5, -1.413916, -0.2091784
Mesh1
Pile0 -1.413916, -0.2091784
Pile1 -5, 5
Pile2 -5, -5
12, Edge0 -1.413916, -0.2091784, -5, 5
Edge1 -5, 5, -5, -5
Edge2 -5, -5, -1.413916, -0.2091784
Mesh2
Pile0 0.3882648, -0.8927647
Pile1 -1.413916, -0.2091784
Pile2 -5, -5
Pile3 5, -5
16, Edge0 0.3882648, -0.8927647, -1.413916, -0.2091784
Edge1 -1.413916, -0.2091784, -5, -5
Edge2 -5, -5, 5, -5
Edge3 5, -5, 0.3882648, -0.8927647
Mesh3
Pile0 0.3882648, -0.8927647
Pile1 5, 5
Pile2 -1.413916, -0.2091784
12, Edge0 0.3882648, -0.8927647, 5, 5
Edge1 5, 5, -1.413916, -0.2091784
Edge2 -1.413916, -0.2091784, 0.3882648, -0.8927647
Mesh4
Pile0 3.43333, -1.607423
Pile1 0.3882648, -0.8927647
Pile2 5, -5
12, Edge0 3.43333, -1.607423, 0.3882648, -0.8927647
Edge1 0.3882648, -0.8927647, 5, -5
Edge2 5, -5, 3.43333, -1.607423
Mesh5
Pile0 3.43333, -1.607423
Pile1 5, -5
Pile2 5, 5
12, Edge0 3.43333, -1.607423, 5, -5
Edge1 5, -5, 5, 5
Edge2 5, 5, 3.43333, -1.607423
Mesh6
Pile0 3.43333, -1.607423
Pile1 5, 5
Pile2 0.3882648, -0.8927647
12, Edge0 3.43333, -1.607423, 5, 5
Edge1 5, 5, 0.3882648, -0.8927647
Edge2 0.3882648, -0.8927647, 3.43333, -1.607423


Insert 3.433331, -0.08489053
Mesh0
Pile0 -1.413916, -0.2091784
Pile1 5, 5
Pile2 -5, 5
12, Edge0 -1.413916, -0.2091784, 5, 5
Edge1 5, 5, -5, 5
Edge2 -5, 5, -1.413916, -0.2091784
Mesh1
Pile0 -1.413916, -0.2091784
Pile1 -5, 5
Pile2 -5, -5
12, Edge0 -1.413916, -0.2091784, -5, 5
Edge1 -5, 5, -5, -5
Edge2 -5, -5, -1.413916, -0.2091784
Mesh2
Pile0 0.3882648, -0.8927647
Pile1 -1.413916, -0.2091784
Pile2 -5, -5
Pile3 5, -5
16, Edge0 0.3882648, -0.8927647, -1.413916, -0.2091784
Edge1 -1.413916, -0.2091784, -5, -5
Edge2 -5, -5, 5, -5
Edge3 5, -5, 0.3882648, -0.8927647
Mesh3
Pile0 0.3882648, -0.8927647
Pile1 5, 5
Pile2 -1.413916, -0.2091784
12, Edge0 0.3882648, -0.8927647, 5, 5
Edge1 5, 5, -1.413916, -0.2091784
Edge2 -1.413916, -0.2091784, 0.3882648, -0.8927647
Mesh4
Pile0 3.43333, -1.607423
Pile1 0.3882648, -0.8927647
Pile2 5, -5
12, Edge0 3.43333, -1.607423, 0.3882648, -0.8927647
Edge1 0.3882648, -0.8927647, 5, -5
Edge2 5, -5, 3.43333, -1.607423
Mesh5
Pile0 3.43333, -1.607423
Pile1 5, -5
Pile2 5, 5
12, Edge0 3.43333, -1.607423, 5, -5
Edge1 5, -5, 5, 5
Edge2 5, 5, 3.43333, -1.607423
Mesh6
Pile0 3.433331, -0.08489053
Pile1 3.43333, -1.607423
Pile2 5, 5
12, Edge0 3.433331, -0.08489053, 3.43333, -1.607423
Edge1 3.43333, -1.607423, 5, 5
Edge2 5, 5, 3.433331, -0.08489053
Mesh7
Pile0 3.433331, -0.08489053
Pile1 5, 5
Pile2 0.3882648, -0.8927647
12, Edge0 3.433331, -0.08489053, 5, 5
Edge1 5, 5, 0.3882648, -0.8927647
Edge2 0.3882648, -0.8927647, 3.433331, -0.08489053
Mesh8
Pile0 3.433331, -0.08489053
Pile1 0.3882648, -0.8927647
Pile2 3.43333, -1.607423
12, Edge0 3.433331, -0.08489053, 0.3882648, -0.8927647
Edge1 0.3882648, -0.8927647, 3.43333, -1.607423
Edge2 3.43333, -1.607423, 3.433331, -0.08489053


Insert 1.879725, 2.680524
Mesh0
Pile0 -1.413916, -0.2091784
Pile1 -5, 5
Pile2 -5, -5
12, Edge0 -1.413916, -0.2091784, -5, 5
Edge1 -5, 5, -5, -5
Edge2 -5, -5, -1.413916, -0.2091784
Mesh1
Pile0 0.3882648, -0.8927647
Pile1 -1.413916, -0.2091784
Pile2 -5, -5
Pile3 5, -5
16, Edge0 0.3882648, -0.8927647, -1.413916, -0.2091784
Edge1 -1.413916, -0.2091784, -5, -5
Edge2 -5, -5, 5, -5
Edge3 5, -5, 0.3882648, -0.8927647
Mesh2
Pile0 0.3882648, -0.8927647
Pile1 5, 5
Pile2 -1.413916, -0.2091784
12, Edge0 0.3882648, -0.8927647, 5, 5
Edge1 5, 5, -1.413916, -0.2091784
Edge2 -1.413916, -0.2091784, 0.3882648, -0.8927647
Mesh3
Pile0 3.43333, -1.607423
Pile1 0.3882648, -0.8927647
Pile2 5, -5
12, Edge0 3.43333, -1.607423, 0.3882648, -0.8927647
Edge1 0.3882648, -0.8927647, 5, -5
Edge2 5, -5, 3.43333, -1.607423
Mesh4
Pile0 3.43333, -1.607423
Pile1 5, -5
Pile2 5, 5
12, Edge0 3.43333, -1.607423, 5, -5
Edge1 5, -5, 5, 5
Edge2 5, 5, 3.43333, -1.607423
Mesh5
Pile0 3.433331, -0.08489053
Pile1 3.43333, -1.607423
Pile2 5, 5
12, Edge0 3.433331, -0.08489053, 3.43333, -1.607423
Edge1 3.43333, -1.607423, 5, 5
Edge2 5, 5, 3.433331, -0.08489053
Mesh6
Pile0 3.433331, -0.08489053
Pile1 5, 5
Pile2 0.3882648, -0.8927647
12, Edge0 3.433331, -0.08489053, 5, 5
Edge1 5, 5, 0.3882648, -0.8927647
Edge2 0.3882648, -0.8927647, 3.433331, -0.08489053
Mesh7
Pile0 3.433331, -0.08489053
Pile1 0.3882648, -0.8927647
Pile2 3.43333, -1.607423
12, Edge0 3.433331, -0.08489053, 0.3882648, -0.8927647
Edge1 0.3882648, -0.8927647, 3.43333, -1.607423
Edge2 3.43333, -1.607423, 3.433331, -0.08489053
Mesh8
Pile0 1.879725, 2.680524
Pile1 -1.413916, -0.2091784
Pile2 5, 5
12, Edge0 1.879725, 2.680524, -1.413916, -0.2091784
Edge1 -1.413916, -0.2091784, 5, 5
Edge2 5, 5, 1.879725, 2.680524
Mesh9
Pile0 1.879725, 2.680524
Pile1 5, 5
Pile2 -5, 5
12, Edge0 1.879725, 2.680524, 5, 5
Edge1 5, 5, -5, 5
Edge2 -5, 5, 1.879725, 2.680524
Mesh10
Pile0 1.879725, 2.680524
Pile1 -5, 5
Pile2 -1.413916, -0.2091784
12, Edge0 1.879725, 2.680524, -5, 5
Edge1 -5, 5, -1.413916, -0.2091784
Edge2 -1.413916, -0.2091784, 1.879725, 2.680524


Insert -1.320699, 2.214444
Mesh0
Pile0 -1.413916, -0.2091784
Pile1 -5, 5
Pile2 -5, -5
12, Edge0 -1.413916, -0.2091784, -5, 5
Edge1 -5, 5, -5, -5
Edge2 -5, -5, -1.413916, -0.2091784
Mesh1
Pile0 0.3882648, -0.8927647
Pile1 -1.413916, -0.2091784
Pile2 -5, -5
Pile3 5, -5
16, Edge0 0.3882648, -0.8927647, -1.413916, -0.2091784
Edge1 -1.413916, -0.2091784, -5, -5
Edge2 -5, -5, 5, -5
Edge3 5, -5, 0.3882648, -0.8927647
Mesh2
Pile0 0.3882648, -0.8927647
Pile1 5, 5
Pile2 -1.413916, -0.2091784
12, Edge0 0.3882648, -0.8927647, 5, 5
Edge1 5, 5, -1.413916, -0.2091784
Edge2 -1.413916, -0.2091784, 0.3882648, -0.8927647
Mesh3
Pile0 3.43333, -1.607423
Pile1 0.3882648, -0.8927647
Pile2 5, -5
12, Edge0 3.43333, -1.607423, 0.3882648, -0.8927647
Edge1 0.3882648, -0.8927647, 5, -5
Edge2 5, -5, 3.43333, -1.607423
Mesh4
Pile0 3.43333, -1.607423
Pile1 5, -5
Pile2 5, 5
12, Edge0 3.43333, -1.607423, 5, -5
Edge1 5, -5, 5, 5
Edge2 5, 5, 3.43333, -1.607423
Mesh5
Pile0 3.433331, -0.08489053
Pile1 3.43333, -1.607423
Pile2 5, 5
12, Edge0 3.433331, -0.08489053, 3.43333, -1.607423
Edge1 3.43333, -1.607423, 5, 5
Edge2 5, 5, 3.433331, -0.08489053
Mesh6
Pile0 3.433331, -0.08489053
Pile1 5, 5
Pile2 0.3882648, -0.8927647
12, Edge0 3.433331, -0.08489053, 5, 5
Edge1 5, 5, 0.3882648, -0.8927647
Edge2 0.3882648, -0.8927647, 3.433331, -0.08489053
Mesh7
Pile0 3.433331, -0.08489053
Pile1 0.3882648, -0.8927647
Pile2 3.43333, -1.607423
12, Edge0 3.433331, -0.08489053, 0.3882648, -0.8927647
Edge1 0.3882648, -0.8927647, 3.43333, -1.607423
Edge2 3.43333, -1.607423, 3.433331, -0.08489053
Mesh8
Pile0 1.879725, 2.680524
Pile1 -1.413916, -0.2091784
Pile2 5, 5
12, Edge0 1.879725, 2.680524, -1.413916, -0.2091784
Edge1 -1.413916, -0.2091784, 5, 5
Edge2 5, 5, 1.879725, 2.680524
Mesh9
Pile0 1.879725, 2.680524
Pile1 5, 5
Pile2 -5, 5
12, Edge0 1.879725, 2.680524, 5, 5
Edge1 5, 5, -5, 5
Edge2 -5, 5, 1.879725, 2.680524
Mesh10
Pile0 -1.320699, 2.214444
Pile1 1.879725, 2.680524
Pile2 -5, 5
12, Edge0 -1.320699, 2.214444, 1.879725, 2.680524
Edge1 1.879725, 2.680524, -5, 5
Edge2 -5, 5, -1.320699, 2.214444
Mesh11
Pile0 -1.320699, 2.214444
Pile1 -5, 5
Pile2 -1.413916, -0.2091784
12, Edge0 -1.320699, 2.214444, -5, 5
Edge1 -5, 5, -1.413916, -0.2091784
Edge2 -1.413916, -0.2091784, -1.320699, 2.214444
Mesh12
Pile0 -1.320699, 2.214444
Pile1 -1.413916, -0.2091784
Pile2 1.879725, 2.680524
12, Edge0 -1.320699, 2.214444, -1.413916, -0.2091784
Edge1 -1.413916, -0.2091784, 1.879725, 2.680524
Edge2 1.879725, 2.680524, -1.320699, 2.214444


Remove 1.879725, 2.680524
Mesh0
Pile0 -1.413916, -0.2091784
Pile1 -5, 5
Pile2 -5, -5
12, Edge0 -1.413916, -0.2091784, -5, 5
Edge1 -5, 5, -5, -5
Edge2 -5, -5, -1.413916, -0.2091784
Mesh1
Pile0 0.3882648, -0.8927647
Pile1 -1.413916, -0.2091784
Pile2 -5, -5
Pile3 5, -5
16, Edge0 0.3882648, -0.8927647, -1.413916, -0.2091784
Edge1 -1.413916, -0.2091784, -5, -5
Edge2 -5, -5, 5, -5
Edge3 5, -5, 0.3882648, -0.8927647
Mesh2
Pile0 0.3882648, -0.8927647
Pile1 5, 5
Pile2 -1.413916, -0.2091784
12, Edge0 0.3882648, -0.8927647, 5, 5
Edge1 5, 5, -1.413916, -0.2091784
Edge2 -1.413916, -0.2091784, 0.3882648, -0.8927647
Mesh3
Pile0 3.43333, -1.607423
Pile1 0.3882648, -0.8927647
Pile2 5, -5
12, Edge0 3.43333, -1.607423, 0.3882648, -0.8927647
Edge1 0.3882648, -0.8927647, 5, -5
Edge2 5, -5, 3.43333, -1.607423
Mesh4
Pile0 3.43333, -1.607423
Pile1 5, -5
Pile2 5, 5
12, Edge0 3.43333, -1.607423, 5, -5
Edge1 5, -5, 5, 5
Edge2 5, 5, 3.43333, -1.607423
Mesh5
Pile0 3.433331, -0.08489053
Pile1 3.43333, -1.607423
Pile2 5, 5
12, Edge0 3.433331, -0.08489053, 3.43333, -1.607423
Edge1 3.43333, -1.607423, 5, 5
Edge2 5, 5, 3.433331, -0.08489053
Mesh6
Pile0 3.433331, -0.08489053
Pile1 5, 5
Pile2 0.3882648, -0.8927647
12, Edge0 3.433331, -0.08489053, 5, 5
Edge1 5, 5, 0.3882648, -0.8927647
Edge2 0.3882648, -0.8927647, 3.433331, -0.08489053
Mesh7
Pile0 3.433331, -0.08489053
Pile1 0.3882648, -0.8927647
Pile2 3.43333, -1.607423
12, Edge0 3.433331, -0.08489053, 0.3882648, -0.8927647
Edge1 0.3882648, -0.8927647, 3.43333, -1.607423
Edge2 3.43333, -1.607423, 3.433331, -0.08489053
Mesh8
Pile0 -1.320699, 2.214444
Pile1 -5, 5
Pile2 -1.413916, -0.2091784
12, Edge0 -1.320699, 2.214444, -5, 5
Edge1 -5, 5, -1.413916, -0.2091784
Edge2 -1.413916, -0.2091784, -1.320699, 2.214444
Mesh9
Pile0 5, 5
Pile1 -5, 5
Pile2 -1.320699, 2.214444
12, Edge0 5, 5, -5, 5
Edge1 -5, 5, -1.320699, 2.214444
Edge2 -1.320699, 2.214444, 5, 5
Mesh10
Pile0 -1.413916, -0.2091784
Pile1 5, 5
Pile2 -1.320699, 2.214444
12, Edge0 -1.413916, -0.2091784, 5, 5
Edge1 5, 5, -1.320699, 2.214444
Edge2 -1.320699, 2.214444, -1.413916, -0.2091784


Insert 2.345805, 3.395184
Mesh0
Pile0 -1.413916, -0.2091784
Pile1 -5, 5
Pile2 -5, -5
12, Edge0 -1.413916, -0.2091784, -5, 5
Edge1 -5, 5, -5, -5
Edge2 -5, -5, -1.413916, -0.2091784
Mesh1
Pile0 0.3882648, -0.8927647
Pile1 -1.413916, -0.2091784
Pile2 -5, -5
Pile3 5, -5
16, Edge0 0.3882648, -0.8927647, -1.413916, -0.2091784
Edge1 -1.413916, -0.2091784, -5, -5
Edge2 -5, -5, 5, -5
Edge3 5, -5, 0.3882648, -0.8927647
Mesh2
Pile0 0.3882648, -0.8927647
Pile1 5, 5
Pile2 -1.413916, -0.2091784
12, Edge0 0.3882648, -0.8927647, 5, 5
Edge1 5, 5, -1.413916, -0.2091784
Edge2 -1.413916, -0.2091784, 0.3882648, -0.8927647
Mesh3
Pile0 3.43333, -1.607423
Pile1 0.3882648, -0.8927647
Pile2 5, -5
12, Edge0 3.43333, -1.607423, 0.3882648, -0.8927647
Edge1 0.3882648, -0.8927647, 5, -5
Edge2 5, -5, 3.43333, -1.607423
Mesh4
Pile0 3.43333, -1.607423
Pile1 5, -5
Pile2 5, 5
12, Edge0 3.43333, -1.607423, 5, -5
Edge1 5, -5, 5, 5
Edge2 5, 5, 3.43333, -1.607423
Mesh5
Pile0 3.433331, -0.08489053
Pile1 3.43333, -1.607423
Pile2 5, 5
12, Edge0 3.433331, -0.08489053, 3.43333, -1.607423
Edge1 3.43333, -1.607423, 5, 5
Edge2 5, 5, 3.433331, -0.08489053
Mesh6
Pile0 3.433331, -0.08489053
Pile1 5, 5
Pile2 0.3882648, -0.8927647
12, Edge0 3.433331, -0.08489053, 5, 5
Edge1 5, 5, 0.3882648, -0.8927647
Edge2 0.3882648, -0.8927647, 3.433331, -0.08489053
Mesh7
Pile0 3.433331, -0.08489053
Pile1 0.3882648, -0.8927647
Pile2 3.43333, -1.607423
12, Edge0 3.433331, -0.08489053, 0.3882648, -0.8927647
Edge1 0.3882648, -0.8927647, 3.43333, -1.607423
Edge2 3.43333, -1.607423, 3.433331, -0.08489053
Mesh8
Pile0 -1.320699, 2.214444
Pile1 -5, 5
Pile2 -1.413916, -0.2091784
12, Edge0 -1.320699, 2.214444, -5, 5
Edge1 -5, 5, -1.413916, -0.2091784
Edge2 -1.413916, -0.2091784, -1.320699, 2.214444
Mesh9
Pile0 5, 5
Pile1 -5, 5
Pile2 -1.320699, 2.214444
12, Edge0 5, 5, -5, 5
Edge1 -5, 5, -1.320699, 2.214444
Edge2 -1.320699, 2.214444, 5, 5
Mesh10
Pile0 2.345805, 3.395184
Pile1 -1.413916, -0.2091784
Pile2 5, 5
12, Edge0 2.345805, 3.395184, -1.413916, -0.2091784
Edge1 -1.413916, -0.2091784, 5, 5
Edge2 5, 5, 2.345805, 3.395184
Mesh11
Pile0 2.345805, 3.395184
Pile1 5, 5
Pile2 -1.320699, 2.214444
12, Edge0 2.345805, 3.395184, 5, 5
Edge1 5, 5, -1.320699, 2.214444
Edge2 -1.320699, 2.214444, 2.345805, 3.395184
Mesh12
Pile0 2.345805, 3.395184
Pile1 -1.320699, 2.214444
Pile2 -1.413916, -0.2091784
12, Edge0 2.345805, 3.395184, -1.320699, 2.214444
Edge1 -1.320699, 2.214444, -1.413916, -0.2091784
Edge2 -1.413916, -0.2091784, 2.345805, 3.395184


Remove 2.345805, 3.395184
Mesh0
Pile0 -1.413916, -0.2091784
Pile1 -5, 5
Pile2 -5, -5
12, Edge0 -1.413916, -0.2091784, -5, 5
Edge1 -5, 5, -5, -5
Edge2 -5, -5, -1.413916, -0.2091784
Mesh1
Pile0 0.3882648, -0.8927647
Pile1 -1.413916, -0.2091784
Pile2 -5, -5
Pile3 5, -5
16, Edge0 0.3882648, -0.8927647, -1.413916, -0.2091784
Edge1 -1.413916, -0.2091784, -5, -5
Edge2 -5, -5, 5, -5
Edge3 5, -5, 0.3882648, -0.8927647
Mesh2
Pile0 0.3882648, -0.8927647
Pile1 5, 5
Pile2 -1.413916, -0.2091784
12, Edge0 0.3882648, -0.8927647, 5, 5
Edge1 5, 5, -1.413916, -0.2091784
Edge2 -1.413916, -0.2091784, 0.3882648, -0.8927647
Mesh3
Pile0 3.43333, -1.607423
Pile1 0.3882648, -0.8927647
Pile2 5, -5
12, Edge0 3.43333, -1.607423, 0.3882648, -0.8927647
Edge1 0.3882648, -0.8927647, 5, -5
Edge2 5, -5, 3.43333, -1.607423
Mesh4
Pile0 3.43333, -1.607423
Pile1 5, -5
Pile2 5, 5
12, Edge0 3.43333, -1.607423, 5, -5
Edge1 5, -5, 5, 5
Edge2 5, 5, 3.43333, -1.607423
Mesh5
Pile0 3.433331, -0.08489053
Pile1 3.43333, -1.607423
Pile2 5, 5
12, Edge0 3.433331, -0.08489053, 3.43333, -1.607423
Edge1 3.43333, -1.607423, 5, 5
Edge2 5, 5, 3.433331, -0.08489053
Mesh6
Pile0 3.433331, -0.08489053
Pile1 5, 5
Pile2 0.3882648, -0.8927647
12, Edge0 3.433331, -0.08489053, 5, 5
Edge1 5, 5, 0.3882648, -0.8927647
Edge2 0.3882648, -0.8927647, 3.433331, -0.08489053
Mesh7
Pile0 3.433331, -0.08489053
Pile1 0.3882648, -0.8927647
Pile2 3.43333, -1.607423
12, Edge0 3.433331, -0.08489053, 0.3882648, -0.8927647
Edge1 0.3882648, -0.8927647, 3.43333, -1.607423
Edge2 3.43333, -1.607423, 3.433331, -0.08489053
Mesh8
Pile0 -1.320699, 2.214444
Pile1 -5, 5
Pile2 -1.413916, -0.2091784
12, Edge0 -1.320699, 2.214444, -5, 5
Edge1 -5, 5, -1.413916, -0.2091784
Edge2 -1.413916, -0.2091784, -1.320699, 2.214444
Mesh9
Pile0 5, 5
Pile1 -5, 5
Pile2 -1.320699, 2.214444
12, Edge0 5, 5, -5, 5
Edge1 -5, 5, -1.320699, 2.214444
Edge2 -1.320699, 2.214444, 5, 5
Mesh10
Pile0 -1.413916, -0.2091784
Pile1 5, 5
Pile2 -1.320699, 2.214444
12, Edge0 -1.413916, -0.2091784, 5, 5
Edge1 5, 5, -1.320699, 2.214444
Edge2 -1.320699, 2.214444, -1.413916, -0.2091784


Insert 3.402257, 3.79912
Mesh0
Pile0 -1.413916, -0.2091784
Pile1 -5, 5
Pile2 -5, -5
12, Edge0 -1.413916, -0.2091784, -5, 5
Edge1 -5, 5, -5, -5
Edge2 -5, -5, -1.413916, -0.2091784
Mesh1
Pile0 0.3882648, -0.8927647
Pile1 -1.413916, -0.2091784
Pile2 -5, -5
Pile3 5, -5
16, Edge0 0.3882648, -0.8927647, -1.413916, -0.2091784
Edge1 -1.413916, -0.2091784, -5, -5
Edge2 -5, -5, 5, -5
Edge3 5, -5, 0.3882648, -0.8927647
Mesh2
Pile0 0.3882648, -0.8927647
Pile1 5, 5
Pile2 -1.413916, -0.2091784
12, Edge0 0.3882648, -0.8927647, 5, 5
Edge1 5, 5, -1.413916, -0.2091784
Edge2 -1.413916, -0.2091784, 0.3882648, -0.8927647
Mesh3
Pile0 3.43333, -1.607423
Pile1 0.3882648, -0.8927647
Pile2 5, -5
12, Edge0 3.43333, -1.607423, 0.3882648, -0.8927647
Edge1 0.3882648, -0.8927647, 5, -5
Edge2 5, -5, 3.43333, -1.607423
Mesh4
Pile0 3.43333, -1.607423
Pile1 5, -5
Pile2 5, 5
12, Edge0 3.43333, -1.607423, 5, -5
Edge1 5, -5, 5, 5
Edge2 5, 5, 3.43333, -1.607423
Mesh5
Pile0 3.433331, -0.08489053
Pile1 3.43333, -1.607423
Pile2 5, 5
12, Edge0 3.433331, -0.08489053, 3.43333, -1.607423
Edge1 3.43333, -1.607423, 5, 5
Edge2 5, 5, 3.433331, -0.08489053
Mesh6
Pile0 3.433331, -0.08489053
Pile1 5, 5
Pile2 0.3882648, -0.8927647
12, Edge0 3.433331, -0.08489053, 5, 5
Edge1 5, 5, 0.3882648, -0.8927647
Edge2 0.3882648, -0.8927647, 3.433331, -0.08489053
Mesh7
Pile0 3.433331, -0.08489053
Pile1 0.3882648, -0.8927647
Pile2 3.43333, -1.607423
12, Edge0 3.433331, -0.08489053, 0.3882648, -0.8927647
Edge1 0.3882648, -0.8927647, 3.43333, -1.607423
Edge2 3.43333, -1.607423, 3.433331, -0.08489053
Mesh8
Pile0 -1.320699, 2.214444
Pile1 -5, 5
Pile2 -1.413916, -0.2091784
12, Edge0 -1.320699, 2.214444, -5, 5
Edge1 -5, 5, -1.413916, -0.2091784
Edge2 -1.413916, -0.2091784, -1.320699, 2.214444
Mesh9
Pile0 5, 5
Pile1 -5, 5
Pile2 -1.320699, 2.214444
12, Edge0 5, 5, -5, 5
Edge1 -5, 5, -1.320699, 2.214444
Edge2 -1.320699, 2.214444, 5, 5
Mesh10
Pile0 3.402257, 3.79912
Pile1 -1.413916, -0.2091784
Pile2 5, 5
12, Edge0 3.402257, 3.79912, -1.413916, -0.2091784
Edge1 -1.413916, -0.2091784, 5, 5
Edge2 5, 5, 3.402257, 3.79912
Mesh11
Pile0 3.402257, 3.79912
Pile1 5, 5
Pile2 -1.320699, 2.214444
12, Edge0 3.402257, 3.79912, 5, 5
Edge1 5, 5, -1.320699, 2.214444
Edge2 -1.320699, 2.214444, 3.402257, 3.79912
Mesh12
Pile0 3.402257, 3.79912
Pile1 -1.320699, 2.214444
Pile2 -1.413916, -0.2091784
12, Edge0 3.402257, 3.79912, -1.320699, 2.214444
Edge1 -1.320699, 2.214444, -1.413916, -0.2091784
Edge2 -1.413916, -0.2091784, 3.402257, 3.79912


Remove -1.320699, 2.214444
Mesh0
Pile0 -1.413916, -0.2091784
Pile1 -5, 5
Pile2 -5, -5
12, Edge0 -1.413916, -0.2091784, -5, 5
Edge1 -5, 5, -5, -5
Edge2 -5, -5, -1.413916, -0.2091784
Mesh1
Pile0 0.3882648, -0.8927647
Pile1 -1.413916, -0.2091784
Pile2 -5, -5
Pile3 5, -5
16, Edge0 0.3882648, -0.8927647, -1.413916, -0.2091784
Edge1 -1.413916, -0.2091784, -5, -5
Edge2 -5, -5, 5, -5
Edge3 5, -5, 0.3882648, -0.8927647
Mesh2
Pile0 0.3882648, -0.8927647
Pile1 5, 5
Pile2 -1.413916, -0.2091784
12, Edge0 0.3882648, -0.8927647, 5, 5
Edge1 5, 5, -1.413916, -0.2091784
Edge2 -1.413916, -0.2091784, 0.3882648, -0.8927647
Mesh3
Pile0 3.43333, -1.607423
Pile1 0.3882648, -0.8927647
Pile2 5, -5
12, Edge0 3.43333, -1.607423, 0.3882648, -0.8927647
Edge1 0.3882648, -0.8927647, 5, -5
Edge2 5, -5, 3.43333, -1.607423
Mesh4
Pile0 3.43333, -1.607423
Pile1 5, -5
Pile2 5, 5
12, Edge0 3.43333, -1.607423, 5, -5
Edge1 5, -5, 5, 5
Edge2 5, 5, 3.43333, -1.607423
Mesh5
Pile0 3.433331, -0.08489053
Pile1 3.43333, -1.607423
Pile2 5, 5
12, Edge0 3.433331, -0.08489053, 3.43333, -1.607423
Edge1 3.43333, -1.607423, 5, 5
Edge2 5, 5, 3.433331, -0.08489053
Mesh6
Pile0 3.433331, -0.08489053
Pile1 5, 5
Pile2 0.3882648, -0.8927647
12, Edge0 3.433331, -0.08489053, 5, 5
Edge1 5, 5, 0.3882648, -0.8927647
Edge2 0.3882648, -0.8927647, 3.433331, -0.08489053
Mesh7
Pile0 3.433331, -0.08489053
Pile1 0.3882648, -0.8927647
Pile2 3.43333, -1.607423
12, Edge0 3.433331, -0.08489053, 0.3882648, -0.8927647
Edge1 0.3882648, -0.8927647, 3.43333, -1.607423
Edge2 3.43333, -1.607423, 3.433331, -0.08489053
Mesh8
Pile0 3.402257, 3.79912
Pile1 -1.413916, -0.2091784
Pile2 5, 5
12, Edge0 3.402257, 3.79912, -1.413916, -0.2091784
Edge1 -1.413916, -0.2091784, 5, 5
Edge2 5, 5, 3.402257, 3.79912
Mesh9
Pile0 -5, 5
Pile1 -1.413916, -0.2091784
Pile2 3.402257, 3.79912
12, Edge0 -5, 5, -1.413916, -0.2091784
Edge1 -1.413916, -0.2091784, 3.402257, 3.79912
Edge2 3.402257, 3.79912, -5, 5
Mesh10
Pile0 -5, 5
Pile1 3.402257, 3.79912
Pile2 5, 5
12, Edge0 -5, 5, 3.402257, 3.79912
Edge1 3.402257, 3.79912, 5, 5
Edge2 5, 5, -5, 5


Insert -0.8856905, 1.624075
Mesh0
Pile0 -1.413916, -0.2091784
Pile1 -5, 5
Pile2 -5, -5
12, Edge0 -1.413916, -0.2091784, -5, 5
Edge1 -5, 5, -5, -5
Edge2 -5, -5, -1.413916, -0.2091784
Mesh1
Pile0 0.3882648, -0.8927647
Pile1 -1.413916, -0.2091784
Pile2 -5, -5
Pile3 5, -5
16, Edge0 0.3882648, -0.8927647, -1.413916, -0.2091784
Edge1 -1.413916, -0.2091784, -5, -5
Edge2 -5, -5, 5, -5
Edge3 5, -5, 0.3882648, -0.8927647
Mesh2
Pile0 0.3882648, -0.8927647
Pile1 5, 5
Pile2 -1.413916, -0.2091784
12, Edge0 0.3882648, -0.8927647, 5, 5
Edge1 5, 5, -1.413916, -0.2091784
Edge2 -1.413916, -0.2091784, 0.3882648, -0.8927647
Mesh3
Pile0 3.43333, -1.607423
Pile1 0.3882648, -0.8927647
Pile2 5, -5
12, Edge0 3.43333, -1.607423, 0.3882648, -0.8927647
Edge1 0.3882648, -0.8927647, 5, -5
Edge2 5, -5, 3.43333, -1.607423
Mesh4
Pile0 3.43333, -1.607423
Pile1 5, -5
Pile2 5, 5
12, Edge0 3.43333, -1.607423, 5, -5
Edge1 5, -5, 5, 5
Edge2 5, 5, 3.43333, -1.607423
Mesh5
Pile0 3.433331, -0.08489053
Pile1 3.43333, -1.607423
Pile2 5, 5
12, Edge0 3.433331, -0.08489053, 3.43333, -1.607423
Edge1 3.43333, -1.607423, 5, 5
Edge2 5, 5, 3.433331, -0.08489053
Mesh6
Pile0 3.433331, -0.08489053
Pile1 5, 5
Pile2 0.3882648, -0.8927647
12, Edge0 3.433331, -0.08489053, 5, 5
Edge1 5, 5, 0.3882648, -0.8927647
Edge2 0.3882648, -0.8927647, 3.433331, -0.08489053
Mesh7
Pile0 3.433331, -0.08489053
Pile1 0.3882648, -0.8927647
Pile2 3.43333, -1.607423
12, Edge0 3.433331, -0.08489053, 0.3882648, -0.8927647
Edge1 0.3882648, -0.8927647, 3.43333, -1.607423
Edge2 3.43333, -1.607423, 3.433331, -0.08489053
Mesh8
Pile0 3.402257, 3.79912
Pile1 -1.413916, -0.2091784
Pile2 5, 5
12, Edge0 3.402257, 3.79912, -1.413916, -0.2091784
Edge1 -1.413916, -0.2091784, 5, 5
Edge2 5, 5, 3.402257, 3.79912
Mesh9
Pile0 -5, 5
Pile1 3.402257, 3.79912
Pile2 5, 5
12, Edge0 -5, 5, 3.402257, 3.79912
Edge1 3.402257, 3.79912, 5, 5
Edge2 5, 5, -5, 5
Mesh10
Pile0 -0.8856905, 1.624075
Pile1 -5, 5
Pile2 -1.413916, -0.2091784
12, Edge0 -0.8856905, 1.624075, -5, 5
Edge1 -5, 5, -1.413916, -0.2091784
Edge2 -1.413916, -0.2091784, -0.8856905, 1.624075
Mesh11
Pile0 -0.8856905, 1.624075
Pile1 -1.413916, -0.2091784
Pile2 3.402257, 3.79912
12, Edge0 -0.8856905, 1.624075, -1.413916, -0.2091784
Edge1 -1.413916, -0.2091784, 3.402257, 3.79912
Edge2 3.402257, 3.79912, -0.8856905, 1.624075
Mesh12
Pile0 -0.8856905, 1.624075
Pile1 3.402257, 3.79912
Pile2 -5, 5
12, Edge0 -0.8856905, 1.624075, 3.402257, 3.79912
Edge1 3.402257, 3.79912, -5, 5
Edge2 -5, 5, -0.8856905, 1.624075


Remove -0.8856905, 1.624075
Mesh0
Pile0 -1.413916, -0.2091784
Pile1 -5, 5
Pile2 -5, -5
12, Edge0 -1.413916, -0.2091784, -5, 5
Edge1 -5, 5, -5, -5
Edge2 -5, -5, -1.413916, -0.2091784
Mesh1
Pile0 0.3882648, -0.8927647
Pile1 -1.413916, -0.2091784
Pile2 -5, -5
Pile3 5, -5
16, Edge0 0.3882648, -0.8927647, -1.413916, -0.2091784
Edge1 -1.413916, -0.2091784, -5, -5
Edge2 -5, -5, 5, -5
Edge3 5, -5, 0.3882648, -0.8927647
Mesh2
Pile0 0.3882648, -0.8927647
Pile1 5, 5
Pile2 -1.413916, -0.2091784
12, Edge0 0.3882648, -0.8927647, 5, 5
Edge1 5, 5, -1.413916, -0.2091784
Edge2 -1.413916, -0.2091784, 0.3882648, -0.8927647
Mesh3
Pile0 3.43333, -1.607423
Pile1 0.3882648, -0.8927647
Pile2 5, -5
12, Edge0 3.43333, -1.607423, 0.3882648, -0.8927647
Edge1 0.3882648, -0.8927647, 5, -5
Edge2 5, -5, 3.43333, -1.607423
Mesh4
Pile0 3.43333, -1.607423
Pile1 5, -5
Pile2 5, 5
12, Edge0 3.43333, -1.607423, 5, -5
Edge1 5, -5, 5, 5
Edge2 5, 5, 3.43333, -1.607423
Mesh5
Pile0 3.433331, -0.08489053
Pile1 3.43333, -1.607423
Pile2 5, 5
12, Edge0 3.433331, -0.08489053, 3.43333, -1.607423
Edge1 3.43333, -1.607423, 5, 5
Edge2 5, 5, 3.433331, -0.08489053
Mesh6
Pile0 3.433331, -0.08489053
Pile1 5, 5
Pile2 0.3882648, -0.8927647
12, Edge0 3.433331, -0.08489053, 5, 5
Edge1 5, 5, 0.3882648, -0.8927647
Edge2 0.3882648, -0.8927647, 3.433331, -0.08489053
Mesh7
Pile0 3.433331, -0.08489053
Pile1 0.3882648, -0.8927647
Pile2 3.43333, -1.607423
12, Edge0 3.433331, -0.08489053, 0.3882648, -0.8927647
Edge1 0.3882648, -0.8927647, 3.43333, -1.607423
Edge2 3.43333, -1.607423, 3.433331, -0.08489053
Mesh8
Pile0 3.402257, 3.79912
Pile1 -1.413916, -0.2091784
Pile2 5, 5
12, Edge0 3.402257, 3.79912, -1.413916, -0.2091784
Edge1 -1.413916, -0.2091784, 5, 5
Edge2 5, 5, 3.402257, 3.79912
Mesh9
Pile0 -5, 5
Pile1 3.402257, 3.79912
Pile2 5, 5
12, Edge0 -5, 5, 3.402257, 3.79912
Edge1 3.402257, 3.79912, 5, 5
Edge2 5, 5, -5, 5
Mesh10
Pile0 -5, 5
Pile1 -1.413916, -0.2091784
Pile2 3.402257, 3.79912
12, Edge0 -5, 5, -1.413916, -0.2091784
Edge1 -1.413916, -0.2091784, 3.402257, 3.79912
Edge2 3.402257, 3.79912, -5, 5


Insert 0.01540029, 0.9715594
Mesh0
Pile0 -1.413916, -0.2091784
Pile1 -5, 5
Pile2 -5, -5
12, Edge0 -1.413916, -0.2091784, -5, 5
Edge1 -5, 5, -5, -5
Edge2 -5, -5, -1.413916, -0.2091784
Mesh1
Pile0 0.3882648, -0.8927647
Pile1 -1.413916, -0.2091784
Pile2 -5, -5
Pile3 5, -5
16, Edge0 0.3882648, -0.8927647, -1.413916, -0.2091784
Edge1 -1.413916, -0.2091784, -5, -5
Edge2 -5, -5, 5, -5
Edge3 5, -5, 0.3882648, -0.8927647
Mesh2
Pile0 0.3882648, -0.8927647
Pile1 5, 5
Pile2 -1.413916, -0.2091784
12, Edge0 0.3882648, -0.8927647, 5, 5
Edge1 5, 5, -1.413916, -0.2091784
Edge2 -1.413916, -0.2091784, 0.3882648, -0.8927647
Mesh3
Pile0 3.43333, -1.607423
Pile1 0.3882648, -0.8927647
Pile2 5, -5
12, Edge0 3.43333, -1.607423, 0.3882648, -0.8927647
Edge1 0.3882648, -0.8927647, 5, -5
Edge2 5, -5, 3.43333, -1.607423
Mesh4
Pile0 3.43333, -1.607423
Pile1 5, -5
Pile2 5, 5
12, Edge0 3.43333, -1.607423, 5, -5
Edge1 5, -5, 5, 5
Edge2 5, 5, 3.43333, -1.607423
Mesh5
Pile0 3.433331, -0.08489053
Pile1 3.43333, -1.607423
Pile2 5, 5
12, Edge0 3.433331, -0.08489053, 3.43333, -1.607423
Edge1 3.43333, -1.607423, 5, 5
Edge2 5, 5, 3.433331, -0.08489053
Mesh6
Pile0 3.433331, -0.08489053
Pile1 5, 5
Pile2 0.3882648, -0.8927647
12, Edge0 3.433331, -0.08489053, 5, 5
Edge1 5, 5, 0.3882648, -0.8927647
Edge2 0.3882648, -0.8927647, 3.433331, -0.08489053
Mesh7
Pile0 3.433331, -0.08489053
Pile1 0.3882648, -0.8927647
Pile2 3.43333, -1.607423
12, Edge0 3.433331, -0.08489053, 0.3882648, -0.8927647
Edge1 0.3882648, -0.8927647, 3.43333, -1.607423
Edge2 3.43333, -1.607423, 3.433331, -0.08489053
Mesh8
Pile0 -5, 5
Pile1 3.402257, 3.79912
Pile2 5, 5
12, Edge0 -5, 5, 3.402257, 3.79912
Edge1 3.402257, 3.79912, 5, 5
Edge2 5, 5, -5, 5
Mesh9
Pile0 -5, 5
Pile1 -1.413916, -0.2091784
Pile2 3.402257, 3.79912
12, Edge0 -5, 5, -1.413916, -0.2091784
Edge1 -1.413916, -0.2091784, 3.402257, 3.79912
Edge2 3.402257, 3.79912, -5, 5
Mesh10
Pile0 0.01540029, 0.9715594
Pile1 3.402257, 3.79912
Pile2 -1.413916, -0.2091784
12, Edge0 0.01540029, 0.9715594, 3.402257, 3.79912
Edge1 3.402257, 3.79912, -1.413916, -0.2091784
Edge2 -1.413916, -0.2091784, 0.01540029, 0.9715594
Mesh11
Pile0 0.01540029, 0.9715594
Pile1 -1.413916, -0.2091784
Pile2 5, 5
12, Edge0 0.01540029, 0.9715594, -1.413916, -0.2091784
Edge1 -1.413916, -0.2091784, 5, 5
Edge2 5, 5, 0.01540029, 0.9715594
Mesh12
Pile0 0.01540029, 0.9715594
Pile1 5, 5
Pile2 3.402257, 3.79912
12, Edge0 0.01540029, 0.9715594, 5, 5
Edge1 5, 5, 3.402257, 3.79912
Edge2 3.402257, 3.79912, 0.01540029, 0.9715594


Remove 0.01540029, 0.9715594
Mesh0
Pile0 -1.413916, -0.2091784
Pile1 -5, 5
Pile2 -5, -5
12, Edge0 -1.413916, -0.2091784, -5, 5
Edge1 -5, 5, -5, -5
Edge2 -5, -5, -1.413916, -0.2091784
Mesh1
Pile0 0.3882648, -0.8927647
Pile1 -1.413916, -0.2091784
Pile2 -5, -5
Pile3 5, -5
16, Edge0 0.3882648, -0.8927647, -1.413916, -0.2091784
Edge1 -1.413916, -0.2091784, -5, -5
Edge2 -5, -5, 5, -5
Edge3 5, -5, 0.3882648, -0.8927647
Mesh2
Pile0 0.3882648, -0.8927647
Pile1 5, 5
Pile2 -1.413916, -0.2091784
12, Edge0 0.3882648, -0.8927647, 5, 5
Edge1 5, 5, -1.413916, -0.2091784
Edge2 -1.413916, -0.2091784, 0.3882648, -0.8927647
Mesh3
Pile0 3.43333, -1.607423
Pile1 0.3882648, -0.8927647
Pile2 5, -5
12, Edge0 3.43333, -1.607423, 0.3882648, -0.8927647
Edge1 0.3882648, -0.8927647, 5, -5
Edge2 5, -5, 3.43333, -1.607423
Mesh4
Pile0 3.43333, -1.607423
Pile1 5, -5
Pile2 5, 5
12, Edge0 3.43333, -1.607423, 5, -5
Edge1 5, -5, 5, 5
Edge2 5, 5, 3.43333, -1.607423
Mesh5
Pile0 3.433331, -0.08489053
Pile1 3.43333, -1.607423
Pile2 5, 5
12, Edge0 3.433331, -0.08489053, 3.43333, -1.607423
Edge1 3.43333, -1.607423, 5, 5
Edge2 5, 5, 3.433331, -0.08489053
Mesh6
Pile0 3.433331, -0.08489053
Pile1 5, 5
Pile2 0.3882648, -0.8927647
12, Edge0 3.433331, -0.08489053, 5, 5
Edge1 5, 5, 0.3882648, -0.8927647
Edge2 0.3882648, -0.8927647, 3.433331, -0.08489053
Mesh7
Pile0 3.433331, -0.08489053
Pile1 0.3882648, -0.8927647
Pile2 3.43333, -1.607423
12, Edge0 3.433331, -0.08489053, 0.3882648, -0.8927647
Edge1 0.3882648, -0.8927647, 3.43333, -1.607423
Edge2 3.43333, -1.607423, 3.433331, -0.08489053
Mesh8
Pile0 -5, 5
Pile1 3.402257, 3.79912
Pile2 5, 5
12, Edge0 -5, 5, 3.402257, 3.79912
Edge1 3.402257, 3.79912, 5, 5
Edge2 5, 5, -5, 5
Mesh9
Pile0 -5, 5
Pile1 -1.413916, -0.2091784
Pile2 3.402257, 3.79912
12, Edge0 -5, 5, -1.413916, -0.2091784
Edge1 -1.413916, -0.2091784, 3.402257, 3.79912
Edge2 3.402257, 3.79912, -5, 5
Mesh10
Pile0 3.402257, 3.79912
Pile1 -1.413916, -0.2091784
Pile2 5, 5
12, Edge0 3.402257, 3.79912, -1.413916, -0.2091784
Edge1 -1.413916, -0.2091784, 5, 5
Edge2 5, 5, 3.402257, 3.79912


Insert 1.631148, 0.2879747
Mesh0
Pile0 -1.413916, -0.2091784
Pile1 -5, 5
Pile2 -5, -5
12, Edge0 -1.413916, -0.2091784, -5, 5
Edge1 -5, 5, -5, -5
Edge2 -5, -5, -1.413916, -0.2091784
Mesh1
Pile0 0.3882648, -0.8927647
Pile1 -1.413916, -0.2091784
Pile2 -5, -5
Pile3 5, -5
16, Edge0 0.3882648, -0.8927647, -1.413916, -0.2091784
Edge1 -1.413916, -0.2091784, -5, -5
Edge2 -5, -5, 5, -5
Edge3 5, -5, 0.3882648, -0.8927647
Mesh2
Pile0 0.3882648, -0.8927647
Pile1 5, 5
Pile2 -1.413916, -0.2091784
12, Edge0 0.3882648, -0.8927647, 5, 5
Edge1 5, 5, -1.413916, -0.2091784
Edge2 -1.413916, -0.2091784, 0.3882648, -0.8927647
Mesh3
Pile0 3.43333, -1.607423
Pile1 0.3882648, -0.8927647
Pile2 5, -5
12, Edge0 3.43333, -1.607423, 0.3882648, -0.8927647
Edge1 0.3882648, -0.8927647, 5, -5
Edge2 5, -5, 3.43333, -1.607423
Mesh4
Pile0 3.43333, -1.607423
Pile1 5, -5
Pile2 5, 5
12, Edge0 3.43333, -1.607423, 5, -5
Edge1 5, -5, 5, 5
Edge2 5, 5, 3.43333, -1.607423
Mesh5
Pile0 3.433331, -0.08489053
Pile1 3.43333, -1.607423
Pile2 5, 5
12, Edge0 3.433331, -0.08489053, 3.43333, -1.607423
Edge1 3.43333, -1.607423, 5, 5
Edge2 5, 5, 3.433331, -0.08489053
Mesh6
Pile0 3.433331, -0.08489053
Pile1 0.3882648, -0.8927647
Pile2 3.43333, -1.607423
12, Edge0 3.433331, -0.08489053, 0.3882648, -0.8927647
Edge1 0.3882648, -0.8927647, 3.43333, -1.607423
Edge2 3.43333, -1.607423, 3.433331, -0.08489053
Mesh7
Pile0 -5, 5
Pile1 3.402257, 3.79912
Pile2 5, 5
12, Edge0 -5, 5, 3.402257, 3.79912
Edge1 3.402257, 3.79912, 5, 5
Edge2 5, 5, -5, 5
Mesh8
Pile0 -5, 5
Pile1 -1.413916, -0.2091784
Pile2 3.402257, 3.79912
12, Edge0 -5, 5, -1.413916, -0.2091784
Edge1 -1.413916, -0.2091784, 3.402257, 3.79912
Edge2 3.402257, 3.79912, -5, 5
Mesh9
Pile0 3.402257, 3.79912
Pile1 -1.413916, -0.2091784
Pile2 5, 5
12, Edge0 3.402257, 3.79912, -1.413916, -0.2091784
Edge1 -1.413916, -0.2091784, 5, 5
Edge2 5, 5, 3.402257, 3.79912
Mesh10
Pile0 1.631148, 0.2879747
Pile1 3.433331, -0.08489053
Pile2 5, 5
12, Edge0 1.631148, 0.2879747, 3.433331, -0.08489053
Edge1 3.433331, -0.08489053, 5, 5
Edge2 5, 5, 1.631148, 0.2879747
Mesh11
Pile0 1.631148, 0.2879747
Pile1 5, 5
Pile2 0.3882648, -0.8927647
12, Edge0 1.631148, 0.2879747, 5, 5
Edge1 5, 5, 0.3882648, -0.8927647
Edge2 0.3882648, -0.8927647, 1.631148, 0.2879747
Mesh12
Pile0 1.631148, 0.2879747
Pile1 0.3882648, -0.8927647
Pile2 3.433331, -0.08489053
12, Edge0 1.631148, 0.2879747, 0.3882648, -0.8927647
Edge1 0.3882648, -0.8927647, 3.433331, -0.08489053
Edge2 3.433331, -0.08489053, 1.631148, 0.2879747


Remove 1.631148, 0.2879747
Mesh0
Pile0 -1.413916, -0.2091784
Pile1 -5, 5
Pile2 -5, -5
12, Edge0 -1.413916, -0.2091784, -5, 5
Edge1 -5, 5, -5, -5
Edge2 -5, -5, -1.413916, -0.2091784
Mesh1
Pile0 0.3882648, -0.8927647
Pile1 -1.413916, -0.2091784
Pile2 -5, -5
Pile3 5, -5
16, Edge0 0.3882648, -0.8927647, -1.413916, -0.2091784
Edge1 -1.413916, -0.2091784, -5, -5
Edge2 -5, -5, 5, -5
Edge3 5, -5, 0.3882648, -0.8927647
Mesh2
Pile0 0.3882648, -0.8927647
Pile1 5, 5
Pile2 -1.413916, -0.2091784
12, Edge0 0.3882648, -0.8927647, 5, 5
Edge1 5, 5, -1.413916, -0.2091784
Edge2 -1.413916, -0.2091784, 0.3882648, -0.8927647
Mesh3
Pile0 3.43333, -1.607423
Pile1 0.3882648, -0.8927647
Pile2 5, -5
12, Edge0 3.43333, -1.607423, 0.3882648, -0.8927647
Edge1 0.3882648, -0.8927647, 5, -5
Edge2 5, -5, 3.43333, -1.607423
Mesh4
Pile0 3.43333, -1.607423
Pile1 5, -5
Pile2 5, 5
12, Edge0 3.43333, -1.607423, 5, -5
Edge1 5, -5, 5, 5
Edge2 5, 5, 3.43333, -1.607423
Mesh5
Pile0 3.433331, -0.08489053
Pile1 3.43333, -1.607423
Pile2 5, 5
12, Edge0 3.433331, -0.08489053, 3.43333, -1.607423
Edge1 3.43333, -1.607423, 5, 5
Edge2 5, 5, 3.433331, -0.08489053
Mesh6
Pile0 3.433331, -0.08489053
Pile1 0.3882648, -0.8927647
Pile2 3.43333, -1.607423
12, Edge0 3.433331, -0.08489053, 0.3882648, -0.8927647
Edge1 0.3882648, -0.8927647, 3.43333, -1.607423
Edge2 3.43333, -1.607423, 3.433331, -0.08489053
Mesh7
Pile0 -5, 5
Pile1 3.402257, 3.79912
Pile2 5, 5
12, Edge0 -5, 5, 3.402257, 3.79912
Edge1 3.402257, 3.79912, 5, 5
Edge2 5, 5, -5, 5
Mesh8
Pile0 -5, 5
Pile1 -1.413916, -0.2091784
Pile2 3.402257, 3.79912
12, Edge0 -5, 5, -1.413916, -0.2091784
Edge1 -1.413916, -0.2091784, 3.402257, 3.79912
Edge2 3.402257, 3.79912, -5, 5
Mesh9
Pile0 3.402257, 3.79912
Pile1 -1.413916, -0.2091784
Pile2 5, 5
12, Edge0 3.402257, 3.79912, -1.413916, -0.2091784
Edge1 -1.413916, -0.2091784, 5, 5
Edge2 5, 5, 3.402257, 3.79912
Mesh10
Pile0 3.433331, -0.08489053
Pile1 5, 5
Pile2 0.3882648, -0.8927647
12, Edge0 3.433331, -0.08489053, 5, 5
Edge1 5, 5, 0.3882648, -0.8927647
Edge2 0.3882648, -0.8927647, 3.433331, -0.08489053


Insert 4.147988, 0.6297684
Mesh0
Pile0 -1.413916, -0.2091784
Pile1 -5, 5
Pile2 -5, -5
12, Edge0 -1.413916, -0.2091784, -5, 5
Edge1 -5, 5, -5, -5
Edge2 -5, -5, -1.413916, -0.2091784
Mesh1
Pile0 0.3882648, -0.8927647
Pile1 -1.413916, -0.2091784
Pile2 -5, -5
Pile3 5, -5
16, Edge0 0.3882648, -0.8927647, -1.413916, -0.2091784
Edge1 -1.413916, -0.2091784, -5, -5
Edge2 -5, -5, 5, -5
Edge3 5, -5, 0.3882648, -0.8927647
Mesh2
Pile0 0.3882648, -0.8927647
Pile1 5, 5
Pile2 -1.413916, -0.2091784
12, Edge0 0.3882648, -0.8927647, 5, 5
Edge1 5, 5, -1.413916, -0.2091784
Edge2 -1.413916, -0.2091784, 0.3882648, -0.8927647
Mesh3
Pile0 3.43333, -1.607423
Pile1 0.3882648, -0.8927647
Pile2 5, -5
12, Edge0 3.43333, -1.607423, 0.3882648, -0.8927647
Edge1 0.3882648, -0.8927647, 5, -5
Edge2 5, -5, 3.43333, -1.607423
Mesh4
Pile0 3.433331, -0.08489053
Pile1 3.43333, -1.607423
Pile2 5, 5
12, Edge0 3.433331, -0.08489053, 3.43333, -1.607423
Edge1 3.43333, -1.607423, 5, 5
Edge2 5, 5, 3.433331, -0.08489053
Mesh5
Pile0 3.433331, -0.08489053
Pile1 0.3882648, -0.8927647
Pile2 3.43333, -1.607423
12, Edge0 3.433331, -0.08489053, 0.3882648, -0.8927647
Edge1 0.3882648, -0.8927647, 3.43333, -1.607423
Edge2 3.43333, -1.607423, 3.433331, -0.08489053
Mesh6
Pile0 -5, 5
Pile1 3.402257, 3.79912
Pile2 5, 5
12, Edge0 -5, 5, 3.402257, 3.79912
Edge1 3.402257, 3.79912, 5, 5
Edge2 5, 5, -5, 5
Mesh7
Pile0 -5, 5
Pile1 -1.413916, -0.2091784
Pile2 3.402257, 3.79912
12, Edge0 -5, 5, -1.413916, -0.2091784
Edge1 -1.413916, -0.2091784, 3.402257, 3.79912
Edge2 3.402257, 3.79912, -5, 5
Mesh8
Pile0 3.402257, 3.79912
Pile1 -1.413916, -0.2091784
Pile2 5, 5
12, Edge0 3.402257, 3.79912, -1.413916, -0.2091784
Edge1 -1.413916, -0.2091784, 5, 5
Edge2 5, 5, 3.402257, 3.79912
Mesh9
Pile0 3.433331, -0.08489053
Pile1 5, 5
Pile2 0.3882648, -0.8927647
12, Edge0 3.433331, -0.08489053, 5, 5
Edge1 5, 5, 0.3882648, -0.8927647
Edge2 0.3882648, -0.8927647, 3.433331, -0.08489053
Mesh10
Pile0 4.147988, 0.6297684
Pile1 3.43333, -1.607423
Pile2 5, -5
12, Edge0 4.147988, 0.6297684, 3.43333, -1.607423
Edge1 3.43333, -1.607423, 5, -5
Edge2 5, -5, 4.147988, 0.6297684
Mesh11
Pile0 4.147988, 0.6297684
Pile1 5, -5
Pile2 5, 5
12, Edge0 4.147988, 0.6297684, 5, -5
Edge1 5, -5, 5, 5
Edge2 5, 5, 4.147988, 0.6297684
Mesh12
Pile0 4.147988, 0.6297684
Pile1 5, 5
Pile2 3.43333, -1.607423
12, Edge0 4.147988, 0.6297684, 5, 5
Edge1 5, 5, 3.43333, -1.607423
Edge2 3.43333, -1.607423, 4.147988, 0.6297684


Remove 4.147988, 0.6297684
Mesh0
Pile0 -1.413916, -0.2091784
Pile1 -5, 5
Pile2 -5, -5
12, Edge0 -1.413916, -0.2091784, -5, 5
Edge1 -5, 5, -5, -5
Edge2 -5, -5, -1.413916, -0.2091784
Mesh1
Pile0 0.3882648, -0.8927647
Pile1 -1.413916, -0.2091784
Pile2 -5, -5
Pile3 5, -5
16, Edge0 0.3882648, -0.8927647, -1.413916, -0.2091784
Edge1 -1.413916, -0.2091784, -5, -5
Edge2 -5, -5, 5, -5
Edge3 5, -5, 0.3882648, -0.8927647
Mesh2
Pile0 0.3882648, -0.8927647
Pile1 5, 5
Pile2 -1.413916, -0.2091784
12, Edge0 0.3882648, -0.8927647, 5, 5
Edge1 5, 5, -1.413916, -0.2091784
Edge2 -1.413916, -0.2091784, 0.3882648, -0.8927647
Mesh3
Pile0 3.43333, -1.607423
Pile1 0.3882648, -0.8927647
Pile2 5, -5
12, Edge0 3.43333, -1.607423, 0.3882648, -0.8927647
Edge1 0.3882648, -0.8927647, 5, -5
Edge2 5, -5, 3.43333, -1.607423
Mesh4
Pile0 3.433331, -0.08489053
Pile1 3.43333, -1.607423
Pile2 5, 5
12, Edge0 3.433331, -0.08489053, 3.43333, -1.607423
Edge1 3.43333, -1.607423, 5, 5
Edge2 5, 5, 3.433331, -0.08489053
Mesh5
Pile0 3.433331, -0.08489053
Pile1 0.3882648, -0.8927647
Pile2 3.43333, -1.607423
12, Edge0 3.433331, -0.08489053, 0.3882648, -0.8927647
Edge1 0.3882648, -0.8927647, 3.43333, -1.607423
Edge2 3.43333, -1.607423, 3.433331, -0.08489053
Mesh6
Pile0 -5, 5
Pile1 3.402257, 3.79912
Pile2 5, 5
12, Edge0 -5, 5, 3.402257, 3.79912
Edge1 3.402257, 3.79912, 5, 5
Edge2 5, 5, -5, 5
Mesh7
Pile0 -5, 5
Pile1 -1.413916, -0.2091784
Pile2 3.402257, 3.79912
12, Edge0 -5, 5, -1.413916, -0.2091784
Edge1 -1.413916, -0.2091784, 3.402257, 3.79912
Edge2 3.402257, 3.79912, -5, 5
Mesh8
Pile0 3.402257, 3.79912
Pile1 -1.413916, -0.2091784
Pile2 5, 5
12, Edge0 3.402257, 3.79912, -1.413916, -0.2091784
Edge1 -1.413916, -0.2091784, 5, 5
Edge2 5, 5, 3.402257, 3.79912
Mesh9
Pile0 3.433331, -0.08489053
Pile1 5, 5
Pile2 0.3882648, -0.8927647
12, Edge0 3.433331, -0.08489053, 5, 5
Edge1 5, 5, 0.3882648, -0.8927647
Edge2 0.3882648, -0.8927647, 3.433331, -0.08489053
Mesh10
Pile0 3.43333, -1.607423
Pile1 5, -5
Pile2 5, 5
12, Edge0 3.43333, -1.607423, 5, -5
Edge1 5, -5, 5, 5
Edge2 5, 5, 3.43333, -1.607423


Insert 4.986933, 1.344424
Mesh0
Pile0 -1.413916, -0.2091784
Pile1 -5, 5
Pile2 -5, -5
12, Edge0 -1.413916, -0.2091784, -5, 5
Edge1 -5, 5, -5, -5
Edge2 -5, -5, -1.413916, -0.2091784
Mesh1
Pile0 0.3882648, -0.8927647
Pile1 -1.413916, -0.2091784
Pile2 -5, -5
Pile3 5, -5
16, Edge0 0.3882648, -0.8927647, -1.413916, -0.2091784
Edge1 -1.413916, -0.2091784, -5, -5
Edge2 -5, -5, 5, -5
Edge3 5, -5, 0.3882648, -0.8927647
Mesh2
Pile0 0.3882648, -0.8927647
Pile1 5, 5
Pile2 -1.413916, -0.2091784
12, Edge0 0.3882648, -0.8927647, 5, 5
Edge1 5, 5, -1.413916, -0.2091784
Edge2 -1.413916, -0.2091784, 0.3882648, -0.8927647
Mesh3
Pile0 3.43333, -1.607423
Pile1 0.3882648, -0.8927647
Pile2 5, -5
12, Edge0 3.43333, -1.607423, 0.3882648, -0.8927647
Edge1 0.3882648, -0.8927647, 5, -5
Edge2 5, -5, 3.43333, -1.607423
Mesh4
Pile0 3.433331, -0.08489053
Pile1 3.43333, -1.607423
Pile2 5, 5
12, Edge0 3.433331, -0.08489053, 3.43333, -1.607423
Edge1 3.43333, -1.607423, 5, 5
Edge2 5, 5, 3.433331, -0.08489053
Mesh5
Pile0 3.433331, -0.08489053
Pile1 0.3882648, -0.8927647
Pile2 3.43333, -1.607423
12, Edge0 3.433331, -0.08489053, 0.3882648, -0.8927647
Edge1 0.3882648, -0.8927647, 3.43333, -1.607423
Edge2 3.43333, -1.607423, 3.433331, -0.08489053
Mesh6
Pile0 -5, 5
Pile1 3.402257, 3.79912
Pile2 5, 5
12, Edge0 -5, 5, 3.402257, 3.79912
Edge1 3.402257, 3.79912, 5, 5
Edge2 5, 5, -5, 5
Mesh7
Pile0 -5, 5
Pile1 -1.413916, -0.2091784
Pile2 3.402257, 3.79912
12, Edge0 -5, 5, -1.413916, -0.2091784
Edge1 -1.413916, -0.2091784, 3.402257, 3.79912
Edge2 3.402257, 3.79912, -5, 5
Mesh8
Pile0 3.402257, 3.79912
Pile1 -1.413916, -0.2091784
Pile2 5, 5
12, Edge0 3.402257, 3.79912, -1.413916, -0.2091784
Edge1 -1.413916, -0.2091784, 5, 5
Edge2 5, 5, 3.402257, 3.79912
Mesh9
Pile0 3.433331, -0.08489053
Pile1 5, 5
Pile2 0.3882648, -0.8927647
12, Edge0 3.433331, -0.08489053, 5, 5
Edge1 5, 5, 0.3882648, -0.8927647
Edge2 0.3882648, -0.8927647, 3.433331, -0.08489053
Mesh10
Pile0 4.986933, 1.344424
Pile1 3.43333, -1.607423
Pile2 5, -5
12, Edge0 4.986933, 1.344424, 3.43333, -1.607423
Edge1 3.43333, -1.607423, 5, -5
Edge2 5, -5, 4.986933, 1.344424
Mesh11
Pile0 4.986933, 1.344424
Pile1 5, -5
Pile2 5, 5
12, Edge0 4.986933, 1.344424, 5, -5
Edge1 5, -5, 5, 5
Edge2 5, 5, 4.986933, 1.344424
Mesh12
Pile0 4.986933, 1.344424
Pile1 5, 5
Pile2 3.43333, -1.607423
12, Edge0 4.986933, 1.344424, 5, 5
Edge1 5, 5, 3.43333, -1.607423
Edge2 3.43333, -1.607423, 4.986933, 1.344424


Remove 3.43333, -1.607423
Mesh0
Pile0 -1.413916, -0.2091784
Pile1 -5, 5
Pile2 -5, -5
12, Edge0 -1.413916, -0.2091784, -5, 5
Edge1 -5, 5, -5, -5
Edge2 -5, -5, -1.413916, -0.2091784
Mesh1
Pile0 0.3882648, -0.8927647
Pile1 -1.413916, -0.2091784
Pile2 -5, -5
Pile3 5, -5
16, Edge0 0.3882648, -0.8927647, -1.413916, -0.2091784
Edge1 -1.413916, -0.2091784, -5, -5
Edge2 -5, -5, 5, -5
Edge3 5, -5, 0.3882648, -0.8927647
Mesh2
Pile0 0.3882648, -0.8927647
Pile1 5, 5
Pile2 -1.413916, -0.2091784
12, Edge0 0.3882648, -0.8927647, 5, 5
Edge1 5, 5, -1.413916, -0.2091784
Edge2 -1.413916, -0.2091784, 0.3882648, -0.8927647
Mesh3
Pile0 -5, 5
Pile1 3.402257, 3.79912
Pile2 5, 5
12, Edge0 -5, 5, 3.402257, 3.79912
Edge1 3.402257, 3.79912, 5, 5
Edge2 5, 5, -5, 5
Mesh4
Pile0 -5, 5
Pile1 -1.413916, -0.2091784
Pile2 3.402257, 3.79912
12, Edge0 -5, 5, -1.413916, -0.2091784
Edge1 -1.413916, -0.2091784, 3.402257, 3.79912
Edge2 3.402257, 3.79912, -5, 5
Mesh5
Pile0 3.402257, 3.79912
Pile1 -1.413916, -0.2091784
Pile2 5, 5
12, Edge0 3.402257, 3.79912, -1.413916, -0.2091784
Edge1 -1.413916, -0.2091784, 5, 5
Edge2 5, 5, 3.402257, 3.79912
Mesh6
Pile0 3.433331, -0.08489053
Pile1 5, 5
Pile2 0.3882648, -0.8927647
12, Edge0 3.433331, -0.08489053, 5, 5
Edge1 5, 5, 0.3882648, -0.8927647
Edge2 0.3882648, -0.8927647, 3.433331, -0.08489053
Mesh7
Pile0 4.986933, 1.344424
Pile1 5, -5
Pile2 5, 5
12, Edge0 4.986933, 1.344424, 5, -5
Edge1 5, -5, 5, 5
Edge2 5, 5, 4.986933, 1.344424
Mesh8
Pile0 0.3882648, -0.8927647
Pile1 5, -5
Pile2 4.986933, 1.344424
12, Edge0 0.3882648, -0.8927647, 5, -5
Edge1 5, -5, 4.986933, 1.344424
Edge2 4.986933, 1.344424, 0.3882648, -0.8927647
Mesh9
Pile0 4.986933, 1.344424
Pile1 5, 5
Pile2 3.433331, -0.08489053
12, Edge0 4.986933, 1.344424, 5, 5
Edge1 5, 5, 3.433331, -0.08489053
Edge2 3.433331, -0.08489053, 4.986933, 1.344424
Mesh10
Pile0 0.3882648, -0.8927647
Pile1 4.986933, 1.344424
Pile2 3.433331, -0.08489053
12, Edge0 0.3882648, -0.8927647, 4.986933, 1.344424
Edge1 4.986933, 1.344424, 3.433331, -0.08489053
Edge2 3.433331, -0.08489053, 0.3882648, -0.8927647
Mesh11
Pile0 0.3882648, -0.8927647
Pile1 3.433331, -0.08489053
8, Edge0 0.3882648, -0.8927647, 3.433331, -0.08489053
Edge1 3.433331, -0.08489053, 0.3882648, -0.8927647


Insert 3.992626, -2.197792
Mesh0
Pile0 -1.413916, -0.2091784
Pile1 -5, 5
Pile2 -5, -5
12, Edge0 -1.413916, -0.2091784, -5, 5
Edge1 -5, 5, -5, -5
Edge2 -5, -5, -1.413916, -0.2091784
Mesh1
Pile0 0.3882648, -0.8927647
Pile1 -1.413916, -0.2091784
Pile2 -5, -5
Pile3 5, -5
16, Edge0 0.3882648, -0.8927647, -1.413916, -0.2091784
Edge1 -1.413916, -0.2091784, -5, -5
Edge2 -5, -5, 5, -5
Edge3 5, -5, 0.3882648, -0.8927647
Mesh2
Pile0 0.3882648, -0.8927647
Pile1 5, 5
Pile2 -1.413916, -0.2091784
12, Edge0 0.3882648, -0.8927647, 5, 5
Edge1 5, 5, -1.413916, -0.2091784
Edge2 -1.413916, -0.2091784, 0.3882648, -0.8927647
Mesh3
Pile0 -5, 5
Pile1 3.402257, 3.79912
Pile2 5, 5
12, Edge0 -5, 5, 3.402257, 3.79912
Edge1 3.402257, 3.79912, 5, 5
Edge2 5, 5, -5, 5
Mesh4
Pile0 -5, 5
Pile1 -1.413916, -0.2091784
Pile2 3.402257, 3.79912
12, Edge0 -5, 5, -1.413916, -0.2091784
Edge1 -1.413916, -0.2091784, 3.402257, 3.79912
Edge2 3.402257, 3.79912, -5, 5
Mesh5
Pile0 3.402257, 3.79912
Pile1 -1.413916, -0.2091784
Pile2 5, 5
12, Edge0 3.402257, 3.79912, -1.413916, -0.2091784
Edge1 -1.413916, -0.2091784, 5, 5
Edge2 5, 5, 3.402257, 3.79912
Mesh6
Pile0 3.433331, -0.08489053
Pile1 5, 5
Pile2 0.3882648, -0.8927647
12, Edge0 3.433331, -0.08489053, 5, 5
Edge1 5, 5, 0.3882648, -0.8927647
Edge2 0.3882648, -0.8927647, 3.433331, -0.08489053
Mesh7
Pile0 4.986933, 1.344424
Pile1 5, -5
Pile2 5, 5
12, Edge0 4.986933, 1.344424, 5, -5
Edge1 5, -5, 5, 5
Edge2 5, 5, 4.986933, 1.344424
Mesh8
Pile0 4.986933, 1.344424
Pile1 5, 5
Pile2 3.433331, -0.08489053
12, Edge0 4.986933, 1.344424, 5, 5
Edge1 5, 5, 3.433331, -0.08489053
Edge2 3.433331, -0.08489053, 4.986933, 1.344424
Mesh9
Pile0 0.3882648, -0.8927647
Pile1 4.986933, 1.344424
Pile2 3.433331, -0.08489053
12, Edge0 0.3882648, -0.8927647, 4.986933, 1.344424
Edge1 4.986933, 1.344424, 3.433331, -0.08489053
Edge2 3.433331, -0.08489053, 0.3882648, -0.8927647
Mesh10
Pile0 0.3882648, -0.8927647
Pile1 5, -5
Pile2 4.986933, 1.344424
12, Edge0 0.3882648, -0.8927647, 5, -5
Edge1 5, -5, 4.986933, 1.344424
Edge2 4.986933, 1.344424, 0.3882648, -0.8927647
Mesh11
Pile0 0.3882648, -0.8927647
Pile1 3.433331, -0.08489053
8, Edge0 0.3882648, -0.8927647, 3.433331, -0.08489053
Edge1 3.433331, -0.08489053, 0.3882648, -0.8927647


