








--  相交网格
-0.4506806
3.674831
-2.346078
1.282281
5
5

-0.4506806
3.674831
-5
5
-2.346078
1.282281

-2.346078
1.282281
3.526545
-3.036738
3.122607
0.3811913

-2.346078
1.282281
3.122607
0.3811913
5
5

-2.346078
1.282281
-5
5
-5
-5

-0.9167625
-3.720324
-2.346078
1.282281
-5
-5

-0.9167625
-3.720324
3.526545
-3.036738
-2.346078
1.282281


--  不相交
-0.4506806
3.674831
5
5
-5
5

5
-5
5
5
3.122607
0.3811913

3.526545
-3.036738
5
-5
3.122607
0.3811913

-0.9167625
-3.720324
-5
-5
5
-5
3.526545
-3.036738


--  边
5
5
-0.4506806
3.674831

-0.4506806
3.674831
-5
5

-5
5
-5
-5

-5
-5
-0.9167625
-3.720324

-0.9167625
-3.720324
3.526545
-3.036738

3.526545
-3.036738
3.122607
0.3811913

3.122607
0.3811913
3.526545
-3.036738

3.122607
0.3811913
5
5



删除点
-2.346078
1.282281